ebas_test_data/AT0034G.20170928130100.20180809104500.high_vol_sampler.oc_ec_tc.pm10.31w.1w.AT05L_HVS_01.AT05L_TU_sunset_001.lev2.nas
108 1001 
Kasper-Giebl, Anne
AT05L, Institute of Chemical Technologies and Analytics, TU-Wien, Research Group for Environmental Analysis, Getreidemarkt 9/164, , A-1060, Vienna, Austria
Kasper-Giebl, Anne; Redl, Peter
EMEP ACTRIS COLOSSAL CAMPAIGN
1 1
2017 09 28 2018 08 09
0.0
days from file reference point
25
1 1 1 1 1 1 1 1 1 1 1 1 1 1 1 1 1 1 1 1 1 1 1 1 1
9999.99999 9999.999 9.999999999 9999.999 9.999999999 9999.999 9.999999999 9999.999 9.999999999 9999.999 9.999999999 9999.999 9.999999999 9999.999 9.999999999 9999.999 9.999999999 9999.999 9.999999999 9999.999 9.999999999 9999.999 9.999999999 9999.999 9.999999999
end_time of measurement, days from the file reference point
total_carbon, ug C/m3, Detection limit=0.006 ug C/m3
numflag total_carbon, no unit
total_carbon, ug C/m3, Statistics=uncertainty
numflag total_carbon, no unit, Statistics=uncertainty
elemental_carbon, ug C/m3, Detection limit=0.002 ug C/m3
numflag elemental_carbon, no unit
elemental_carbon, ug C/m3, Statistics=uncertainty
numflag elemental_carbon, no unit, Statistics=uncertainty
organic_carbon, ug C/m3, Detection limit=0.006 ug C/m3
numflag organic_carbon, no unit
organic_carbon, ug C/m3, Statistics=uncertainty
numflag organic_carbon, no unit, Statistics=uncertainty
organic_carbon, ug C/m3, Fraction=OC1
numflag organic_carbon, no unit, Fraction=OC1
organic_carbon, ug C/m3, Fraction=OC2
numflag organic_carbon, no unit, Fraction=OC2
organic_carbon, ug C/m3, Fraction=OC3
numflag organic_carbon, no unit, Fraction=OC3
organic_carbon, ug C/m3, Fraction=OC4
numflag organic_carbon, no unit, Fraction=OC4
organic_carbon, ug C/m3, Fraction=OCPyr
numflag organic_carbon, no unit, Fraction=OCPyr
levoglucosan, ng/m3, Detection limit=0.299 ng/m3, Analytical measurement technique=IC, Analytical instrument manufacturer=Thermo Scientific, Analytical instrument model=ICS-3000, Analytical instrument serial number=8070220, Analytical instrument name=IC
numflag levoglucosan, no unit
0
69
Data definition:                         EBAS_1.1 
Set type code:                           TI 
Timezone:                                UTC 
File name:                               AT0034G.20170928130100.20180809104500.high_vol_sampler.oc_ec_tc.pm10.31w.1w.AT05L_HVS_01.AT05L_TU_sunset_001.lev2.nas 
Startdate:                               20170928130100 
Revision date:                           20180809104500 
Version:                                 1 
Version description:                     initial revision, manually inspected 
Data level:                              2 
Period code:                             31w 
Resolution code:                         1w 
Sample duration:                         1w 
Orig. time res.:                         1w 
Station code:                            AT0034G 
Platform code:                           AT0034S 
Station name:                            Sonnblick 
Station WDCA-ID:                         GAWAT__SNB
Station GAW-Name:                        Sonnblick 
Station GAW-ID:                          SNB 
Station land use:                        other 
Station setting:                         mountain 
Station GAW type:                        G 
Station WMO region:                      6 
Station latitude:                        47.0538902283 
Station longitude:                       12.9588890076 
Station altitude:                        3106m 
Measurement latitude:                    47.0538902283 
Measurement longitude:                   12.9588890076 
Measurement altitude:                    3116m 
Measurement height:                      10m 
Component:                               oc_ec_tc 
Unit:                                    ug C/m3 
Matrix:                                  pm10 
Laboratory code:                         AT05L 
Instrument type:                         high_vol_sampler 
Instrument manufacturer:                 DIGITEL 
Instrument model:                        DH-77 
Instrument name:                         HVS_01 
Analytical laboratory code:              AT05L 
Analytical measurement technique:        thermal-optical_analysis 
Analytical instrument manufacturer:      Sunset Laboratory 
Analytical instrument model:             Carbon Aerosol Analyzer 
Analytical instrument name:              TU_sunset_001 
Analytical instrument serial number:     241-45 
Charring correction:                     None 
Standard method:                         None
Inlet type:                              Impactor--direct                      
Flow rate:                               500 l/min
Filter face velocity:                    54 cm/s 
Exposed filter area:                     154 cm2 
Humidity/temperature control:            None 
Volume std. temperature:                 273.15 K
Volume std. pressure:                    1013 hPa
Medium:                                  Quartz 
Filter description:                      Tissuquartz-2500QAT-UP 
Filter prefiring:                        Not prefired 
Filter conditioning:                     None 
Sample preparation:                      None 
Blank correction:                        Blank corrected 
Artifact correction:                     None         
Detection limit expl.:                   Determined by taking 6 times standard deviation of ensemble of field blanks 
Measurement uncertainty expl.:           calculated according to provided example (by Jean-Philippe Putaud) 
Zero/negative values code:               Zero/negative possible 
Zero/negative values:                    Zero/negative values reported as measured if within detection limit, flagged with 147                                               
Originator:                              Kasper-Giebl, Anne, anneliese.kasper-giebl@tuwien.ac.at, Institute of Chemical Technologies and Analytics, TU-Wien, Research Group for Environmental Analysis, Getreidemarkt 9/164, , A-1060, Vienna, Austria 
Submitter:                               Kasper-Giebl, Anne, anneliese.kasper-giebl@tuwien.ac.at, Institute of Chemical Technologies and Analytics, TU-Wien, Research Group for Environmental Analysis, Getreidemarkt 9/164, , A-1060, Vienna, Austria
Submitter:                               Redl, Peter, e1425015@student.tuwien.ac.at, Institute of Chemical Technologies and Analytics, TU-Wien, Research Group for Environmental Analysis, Getreidemarkt 9/164, , A-1060, Vienna, Austria
Acknowledgement:                         Request acknowledgement details from data originator                                 
start_time end_time TC TC_flag TC_uncert TC_uncert_flag EC EC_flag EC_uncert EC_uncert_flag OC OC_flag OC_uncert OC_uncert_flag OC_peak1 OC_peak1_flag OC_peak2 OC_peak2_flag OC_peak3 OC_peak3_flag OC_peak4 OC_peak4_flag OC_Pyr OC_Pyr_flag C6H10O5 C6H10O5_flag
0.54236 7.52778 0.448 0.000000000 0.070 0.000000000 0.068 0.000000000 0.022 0.000000000 0.379 0.000000000 0.059 0.000000000 0.019 0.000000000 0.098 0.000000000 0.100 0.000000000 0.147 0.000000000 0.016 0.000000000 0.389 0.000000000
7.52917 14.69444 0.202 0.000000000 0.033 0.000000000 0.039 0.147000000 0.018 0.000000000 0.167 0.000000000 0.028 0.000000000 0.004 0.000000000 0.036 0.000000000 0.047 0.000000000 0.066 0.000000000 0.014 0.000000000 1.265 0.000000000
14.70139 21.63889 0.510 0.000000000 0.079 0.000000000 0.068 0.000000000 0.021 0.000000000 0.465 0.000000000 0.072 0.000000000 0.025 0.000000000 0.107 0.000000000 0.128 0.000000000 0.158 0.000000000 0.047 0.000000000 0.252 0.147000000
21.64236 27.60069 0.504 0.000000000 0.078 0.000000000 0.070 0.000000000 0.021 0.000000000 0.426 0.000000000 0.066 0.000000000 0.015 0.000000000 0.095 0.000000000 0.126 0.000000000 0.172 0.000000000 0.018 0.000000000 0.023 0.147000000
27.60069 35.56250 0.079 0.000000000 0.015 0.000000000 0.019 0.147000000 0.015 0.000000000 0.055 0.000000000 0.011 0.000000000 -0.016 0.100000000 0.009 0.000000000 0.025 0.000000000 0.038 0.000000000 -0.002 0.100000000 0.405 0.000000000
35.56319 42.56528 0.174 0.000000000 0.029 0.000000000 0.033 0.147000000 0.018 0.000000000 0.144 0.000000000 0.025 0.000000000 -0.006 0.100000000 0.026 0.000000000 0.042 0.000000000 0.070 0.000000000 0.012 0.000000000 0.000 0.147000000
42.56597 49.64583 0.055 0.000000000 0.011 0.000000000 0.010 0.147000000 0.014 0.000000000 0.051 0.000000000 0.010 0.000000000 0.006 0.000000000 0.011 0.000000000 0.013 0.000000000 0.016 0.000000000 0.004 0.000000000 0.167 0.147000000
49.64653 56.64653 9999.999 0.999000000 9999.999 0.999000000 9999.999 0.999000000 9999.999 0.999000000 9999.999 0.999000000 9999.999 0.999000000 9999.999 0.999000000 9999.999 0.999000000 9999.999 0.999000000 9999.999 0.999000000 9999.999 0.999000000 0.575 0.660000000
56.65139 63.61458 0.162 0.000000000 0.027 0.000000000 0.023 0.147000000 0.016 0.000000000 0.130 0.000000000 0.022 0.000000000 0.021 0.000000000 0.025 0.000000000 0.033 0.000000000 0.049 0.000000000 0.001 0.000000000 0.623 0.000000000
63.61528 70.60417 0.404 0.559000000 0.063 0.559000000 0.087 0.559000000 0.023 0.559000000 0.348 0.559000000 0.055 0.559000000 0.030 0.559000000 0.063 0.559000000 0.074 0.559000000 0.133 0.559000000 0.047 0.559000000 0.918 0.559000000
70.60556 77.63194 0.152 0.559000000 0.026 0.559000000 0.058 0.559000000 0.020 0.559000000 0.087 0.559000000 0.016 0.559000000 -0.016 0.559100000 0.007 0.559000000 0.027 0.559000000 0.062 0.559000000 0.008 0.559000000 1.436 0.559000000
77.63333 84.56597 0.049 0.000000000 0.010 0.000000000 0.019 0.147000000 0.015 0.000000000 0.031 0.000000000 0.006 0.000000000 -0.021 0.100000000 -0.002 0.100000000 0.016 0.000000000 0.028 0.000000000 0.010 0.000000000 1.133 0.000000000
84.56944 91.59722 -0.003 0.147000000 -0.001 0.147000000 0.009 0.147000000 0.011 0.147000000 -0.020 0.147000000 -0.005 0.147000000 -0.026 0.147000000 -0.013 0.147000000 0.007 0.147000000 0.016 0.147000000 -0.005 0.147000000 0.134 0.147000000
91.60069 98.66667 0.288 0.559000000 0.046 0.559000000 0.072 0.559000000 0.023 0.559000000 0.217 0.559000000 0.036 0.559000000 -0.035 0.559100000 -0.008 0.559100000 0.071 0.559000000 0.176 0.559000000 0.014 0.559000000 0.024 0.559147000
98.66806 105.38542 0.041 0.000000000 0.008 0.000000000 0.012 0.147000000 0.013 0.000000000 0.021 0.000000000 0.004 0.000000000 -0.019 0.100000000 0.006 0.000000000 0.016 0.000000000 0.023 0.000000000 -0.005 0.100000000 0.288 0.147000000
105.42678 112.30859 0.166 0.668665000 0.028 0.668665000 0.065 0.668665000 0.021 0.668665000 0.101 0.668665000 0.018 0.668665000 -0.018 0.668665100 0.014 0.668665000 0.039 0.668665000 0.055 0.668665000 0.010 0.668665000 1.445 0.668665000
112.34716 119.22911 0.103 0.559000000 0.018 0.559000000 0.033 0.559147000 0.017 0.559000000 0.063 0.559000000 0.012 0.559000000 -0.005 0.559100000 0.012 0.559000000 0.026 0.559000000 0.033 0.559000000 -0.002 0.559100000 1.906 0.559000000
119.65390 126.53932 0.171 0.668000000 0.029 0.668000000 0.049 0.668000000 0.019 0.668000000 0.127 0.668000000 0.022 0.668000000 -0.005 0.668100000 0.016 0.668000000 0.040 0.668000000 0.055 0.668000000 0.021 0.668000000 2.242 0.668000000
126.60111 133.48306 0.853 0.559000000 0.130 0.559000000 0.174 0.559000000 0.033 0.559000000 0.758 0.559000000 0.116 0.559000000 -0.018 0.559100000 0.033 0.559000000 0.109 0.559000000 0.512 0.559000000 0.122 0.559000000 1.033 0.559000000
133.64603 140.52797 0.254 0.000000000 0.041 0.000000000 0.054 0.000000000 0.020 0.000000000 0.212 0.000000000 0.035 0.000000000 0.020 0.000000000 0.035 0.000000000 0.048 0.000000000 0.077 0.000000000 0.031 0.000000000 5.407 0.000000000
140.54995 147.55690 0.255 0.000000000 0.041 0.000000000 0.070 0.000000000 0.021 0.000000000 0.209 0.000000000 0.034 0.000000000 0.007 0.000000000 0.038 0.000000000 0.039 0.000000000 0.073 0.000000000 0.053 0.000000000 7.249 0.000000000
147.55795 154.55803 0.789 0.000000000 0.120 0.000000000 0.106 0.000000000 0.025 0.000000000 0.696 0.000000000 0.106 0.000000000 0.056 0.000000000 0.154 0.000000000 0.077 0.000000000 0.250 0.000000000 0.159 0.000000000 15.592 0.000000000
154.56291 161.56301 0.197 0.665000000 0.032 0.665000000 0.123 0.665000000 0.027 0.665000000 0.161 0.665000000 0.027 0.665000000 0.012 0.665000000 0.041 0.665000000 0.040 0.665000000 0.056 0.665000000 0.013 0.665000000 5.175 0.665000000
161.66747 168.66757 0.167 0.000000000 0.028 0.000000000 0.103 0.000000000 0.024 0.000000000 0.132 0.000000000 0.023 0.000000000 0.013 0.000000000 0.032 0.000000000 0.029 0.000000000 0.047 0.000000000 0.011 0.000000000 4.619 0.000000000
168.86568 175.32412 0.306 0.000000000 0.049 0.000000000 0.159 0.000000000 0.032 0.000000000 0.260 0.000000000 0.042 0.000000000 0.016 0.000000000 0.054 0.000000000 0.036 0.000000000 0.095 0.000000000 0.059 0.000000000 10.295 0.000000000
175.55873 182.01716 0.447 0.000000000 0.070 0.000000000 0.227 0.000000000 0.040 0.000000000 0.351 0.000000000 0.055 0.000000000 0.019 0.000000000 0.090 0.000000000 0.057 0.000000000 0.141 0.000000000 0.044 0.000000000 8.928 0.000000000
182.50044 190.26481 8.323 0.460652649 1.254 0.460652649 7.686 0.460652649 1.158 0.460652649 8.292 0.460652649 1.249 0.460652649 0.002 0.460652649 0.380 0.460652649 6.801 0.460652649 0.860 0.460652649 0.248 0.460652649 2.501 0.460652649
190.26485 196.53315 1.218 0.652000000 0.185 0.652000000 0.185 0.652000000 0.035 0.652000000 0.215 0.652000000 0.035 0.652000000 0.013 0.652000000 0.054 0.652000000 0.050 0.652000000 0.105 0.652000000 -0.007 0.652100000 2.920 0.652000000
196.53388 203.57396 0.313 0.665649000 0.049 0.665649000 0.187 0.665649000 0.034 0.665649000 0.275 0.665649000 0.044 0.665649000 0.009 0.665649000 0.060 0.665649000 0.054 0.665649000 0.106 0.665649000 0.046 0.665649000 2.571 0.665649000
203.57402 210.53737 2.116 0.660000000 0.319 0.660000000 1.160 0.660000000 0.176 0.660000000 1.698 0.660000000 0.257 0.660000000 0.086 0.660000000 0.423 0.660000000 0.489 0.660000000 0.643 0.660000000 0.057 0.660000000 5.735 0.660000000
210.53741 217.54434 0.751 0.660000000 0.114 0.660000000 0.423 0.660000000 0.067 0.660000000 0.661 0.660000000 0.101 0.660000000 0.023 0.660000000 0.154 0.660000000 0.139 0.660000000 0.257 0.660000000 0.088 0.660000000 2.915 0.660000000
