ebas_test_data/BA0029U.20180109090451.20191009120000.hvs.ocec.pm10.7w.1d.DE49L_FHMZBiH_HVS_01.HR03L_Lab_OC-EC_Aerosol_Analyzer.lev2.nas
130 1001 
Godec, Ranka; Omercic,Enis; Dzepina, Katja
DE49L,Max Planck Institute for Chemistry,MPIC,Multiphase Chemistry Department, Hahn-Meitner-Weg 1,, D-55128, Mainz, Germany
Dzepina, Katja
EMEP ACTRIS COLOSSAL CAMPAIGN
1 1
2018 01 09 2019 10 09
0
days from file reference point
35
1 1 1 1 1 1 1 1 1 1 1 1 1 1 1 1 1 1 1 1 1 1 1 1 1 1 1 1 1 1 1 1 1 1 1
999.999999 999.999 9.999999999 99.999 9.999999999 99.999 9.999999999 99.999 9.999999999 999.999 9.999999999 99.999 9.999999999 99.999 9.999999999 99.999 9.999999999 99.999 9.999999999 99.999 9.999999999 99.999 9.999999999 99.999 9.999999999 99.999 9.999999999 999.999 9.999999999 999.999 9.999999999 99.999 9.999999999 99.999 9.999999999 
end_time of measurement, days from the file reference point
total_carbon, ug C/m3, Detection limit=0.242 ug C/m3
numflag total_carbon, no unit
total_carbon, ug C/m3, Statistics=uncertainty
numflag total_carbon, no unit, Statistics=uncertainty
elemental_carbon, ug C/m3, Detection limit=0.014 ug C/m3
numflag elemental_carbon, no unit
elemental_carbon, ug C/m3, Statistics=uncertainty
numflag elemental_carbon, no unit, Statistics=uncertainty
organic_carbon, ug C/m3, Detection limit=0.233 ug C/m3
numflag organic_carbon, no unit
organic_carbon, ug C/m3, Statistics=uncertainty
numflag organic_carbon, no unit, Statistics=uncertainty
organic_carbon, ug C/m3, Artifact=positive
numflag organic_carbon, no unit, Artifact=positive
organic_carbon, ug C/m3, Artifact=positive, Statistics=uncertainty
numflag organic_carbon, no unit, Artifact=positive, Statistics=uncertainty
organic_carbon, ug C/m3, Artifact=negative
numflag organic_carbon, no unit, Artifact=negative
organic_carbon, ug C/m3, Artifact=negative, Statistics=uncertainty
numflag organic_carbon, no unit, Artifact=negative, Statistics=uncertainty
organic_carbon, ug C/m3, Fraction=OC1
numflag organic_carbon, no unit, Fraction=OC1
organic_carbon, ug C/m3, Fraction=OC2
numflag organic_carbon, no unit, Fraction=OC2
organic_carbon, ug C/m3, Fraction=OC3
numflag organic_carbon, no unit, Fraction=OC3
organic_carbon, ug C/m3, Fraction=OC4
numflag organic_carbon, no unit, Fraction=OC4
organic_carbon, ug C/m3, Fraction=OCPyr
numflag organic_carbon, no unit, Fraction=OCPyr
organic_carbon, ug C/m3, Fraction=CC
numflag organic_carbon, no unit, Fraction=CC
elemental_carbon, ug C/m3, Fraction=CC
numflag elemental_carbon, no unit, Fraction=CC
0
81
Data definition:                         EBAS_1.1 
Set type code:                           TI
Timezone:                                UTC
File name:                    BA0029A.20180109090451.20191009120000.hi_vol_sampler.ocec.pm10.49d.1d.HR03L_IMI_Sunset.HR03L_EUSAAR_2.lev0.nas
Startdate:                               20180109090451 
Revision date:               20191009120000
Version:                                 1 
Version description:                     initial revision, manually inspected 
Data level:                              2
Period code:                             7w
Resolution code:                         1d
Sample duration:                         1d
Orig. time res.:                         1d
Station code:                            BA0029U 
Platform code:                           BA0029S 
Station name:                            Sarajevo Bjelave 
Station WDCA-ID:                         
[...]
QA1 measure ID:                          
QA1 date:                                
QA1 document URL:                        
Originator:                              Godec,Ranka, rgodec@imi.hr, Institute for Medicinal Research and Occupational Health, IMI, Environmental Hygiene Unit,, Ksaverska cesta 2, HR-10001, Zagreb, Croatia
Originator:                              Omercic,Enis, enis.omercic@fhmzbih.gov.ba, Federal Hydrometeorological Institute of Bosnia and Herzegovina,,, Bardakčije 12,, 71000, Sarajevo, Bosnia and Herzegovina
Originator:                   Dzepina, Katja, dzepina@gmail.com, Max Planck Institute for Chemistry, MPIC, Multiphase Chemistry Department, Hahn-Meitner-Weg 1,, D-55128, Mainz, Germany
Submitter:                                Dzepina, Katja, dzepina@gmail.com, Max Planck Institute for Chemistry, MPIC, Multiphase Chemistry Department, Hahn-Meitner-Weg 1,, D-55128, Mainz, Germany
Acknowledgement:                         Request acknowledgement details from data originator 
Comment:                                  Laboratory code stands for the institution responsible for collecting the data (MPIC) and Analytical laboratory code for the institution performing the OC/EC analysis (IMI). Finally, file name has the Analytical lab code. 
start_time end_time TC TC_flag TC_uncert TC_uncert_flag EC EC_flag EC_uncert EC_uncert_flag OC OC_flag OC_uncert OC_uncert_flag OC_pos OC_pos_flag OC_uncert_pos OC_uncert_pos_flag OC_neg OC_neg_flag OC_uncert_neg OC_uncert_neg_flag OC_peak1 OC_peak1_flag OC_peak2 OC_peak2_flag OC_peak3 OC_peak3_flag OC_peak4 OC_peak4_flag OC_Pyr OC_Pyr_flag OC_CC OC_CC_flag EC_CC EC_CC_flag
0.378368	1.334030	6.637	0.000000000	0.394	0.000000000	1.557	0.000000000	0.119	0.000000000	5.080	0.000000000	0.295	0.000000000	99.998999999999995	0.999000000	99.998999999999995	0.999000000	99.998999999999995	0.999000000	99.998999999999995	0.999000000	1.072	0.000000000	0.207	0.000000000	0.561	0.000000000	1.796	0.000000000	1.445	0.000000000	99.999	0.999000000	99.999	0.999000000
1.340280	2.334720	12.614	0.000000000	0.690	0.000000000	2.767	0.000000000	0.178	0.000000000	9.848	0.000000000	0.532	0.000000000	99.998999999999995	0.999000000	99.998999999999995	0.999000000	99.998999999999995	0.999000000	99.998999999999995	0.999000000	1.890	0.000000000	0.551	0.000000000	0.980	0.000000000	2.809	0.000000000	3.618	0.000000000	99.999	0.999000000	99.999	0.999000000
2.336110	3.347220	12.973	0.000000000	0.709	0.000000000	2.060	0.000000000	0.143	0.000000000	10.913	0.000000000	0.586	0.000000000	99.998999999999995	0.999000000	99.998999999999995	0.999000000	99.998999999999995	0.999000000	99.998999999999995	0.999000000	2.272	0.000000000	0.568	0.000000000	1.067	0.000000000	2.895	0.000000000	4.111	0.000000000	99.999	0.999000000	99.999	0.999000000
3.347220	4.335420	8.750	0.000000000	0.499	0.000000000	1.410	0.000000000	0.111	0.000000000	7.340	0.000000000	0.408	0.000000000	99.998999999999995	0.999000000	99.998999999999995	0.999000000	99.998999999999995	0.999000000	99.998999999999995	0.999000000	1.479	0.000000000	0.336	0.000000000	0.665	0.000000000	1.976	0.000000000	2.884	0.000000000	99.999	0.999000000	99.999	0.999000000
4.339240	5.336110	5.665	0.000000000	0.344	0.000000000	0.679	0.000000000	0.074	0.000000000	4.986	0.000000000	0.290	0.000000000	99.998999999999995	0.999000000	99.998999999999995	0.999000000	99.998999999999995	0.999000000	99.998999999999995	0.999000000	1.037	0.000000000	0.205	0.000000000	0.427	0.000000000	1.405	0.000000000	1.913	0.000000000	99.999	0.999000000	99.999	0.999000000
5.336110	6.336110	19.525	0.000000000	1.037	0.000000000	2.421	0.000000000	0.161	0.000000000	17.104	0.000000000	0.896	0.000000000	99.998999999999995	0.999000000	99.998999999999995	0.999000000	99.998999999999995	0.999000000	99.998999999999995	0.999000000	3.422	0.000000000	0.892	0.000000000	1.574	0.000000000	3.751	0.000000000	7.466	0.000000000	99.999	0.999000000	99.999	0.999000000
6.336810	7.336110	39.881	0.000000000	2.054	0.000000000	3.752	0.472000000	0.228	0.000000000	36.128	0.472000000	1.847	0.000000000	99.998999999999995	0.999000000	99.998999999999995	0.999000000	99.998999999999995	0.999000000	99.998999999999995	0.999000000	6.935	0.000000000	2.340	0.000000000	3.992	0.000000000	7.715	0.000000000	15.146	0.000000000	99.999	0.999000000	99.999	0.999000000
7.337500	8.336110	7.542	0.000000000	0.436	0.000000000	2.207	0.000000000	0.150	0.000000000	5.335	0.000000000	0.306	0.000000000	99.998999999999995	0.999000000	99.998999999999995	0.999000000	99.998999999999995	0.999000000	99.998999999999995	0.999000000	0.950	0.000000000	0.257	0.000000000	0.566	0.000000000	1.894	0.000000000	1.668	0.000000000	99.999	0.999000000	99.999	0.999000000
8.336810	9.334720	15.120	0.000000000	0.816	0.000000000	2.737	0.000000000	0.177	0.000000000	12.382	0.000000000	0.659	0.000000000	99.998999999999995	0.999000000	99.998999999999995	0.999000000	99.998999999999995	0.999000000	99.998999999999995	0.999000000	2.762	0.000000000	0.987	0.000000000	1.299	0.000000000	3.389	0.000000000	3.944	0.000000000	99.999	0.999000000	99.999	0.999000000
9.334720	10.334000	17.642	0.000000000	0.942	0.000000000	3.205	0.000000000	0.200	0.000000000	14.438	0.000000000	0.762	0.000000000	99.998999999999995	0.999000000	99.998999999999995	0.999000000	99.998999999999995	0.999000000	99.998999999999995	0.999000000	3.028	0.000000000	0.942	0.000000000	1.625	0.000000000	4.031	0.000000000	4.812	0.000000000	99.999	0.999000000	99.999	0.999000000
10.338900	11.335900	8.178	0.000000000	0.469	0.000000000	1.840	0.000000000	0.132	0.000000000	6.338	0.000000000	0.357	0.000000000	99.998999999999995	0.999000000	99.998999999999995	0.999000000	99.998999999999995	0.999000000	99.998999999999995	0.999000000	1.459	0.000000000	0.338	0.000000000	0.657	0.000000000	1.960	0.000000000	1.924	0.000000000	99.999	0.999000000	99.999	0.999000000
11.336800	12.333300	22.443	0.000000000	1.182	0.000000000	2.895	0.000000000	0.185	0.000000000	19.548	0.000000000	1.017	0.000000000	99.998999999999995	0.999000000	99.998999999999995	0.999000000	99.998999999999995	0.999000000	99.998999999999995	0.999000000	3.892	0.000000000	1.175	0.000000000	1.890	0.000000000	4.990	0.000000000	7.601	0.000000000	99.999	0.999000000	99.999	0.999000000
12.334000	13.333300	16.175	0.000000000	0.869	0.000000000	2.423	0.000000000	0.161	0.000000000	13.752	0.000000000	0.728	0.000000000	99.998999999999995	0.999000000	99.998999999999995	0.999000000	99.998999999999995	0.999000000	99.998999999999995	0.999000000	2.857	0.000000000	0.679	0.000000000	1.311	0.000000000	3.628	0.000000000	5.276	0.000000000	99.999	0.999000000	99.999	0.999000000
13.565300	14.334000	16.682	0.000000000	0.913	0.000000000	1.843	0.000000000	0.145	0.000000000	14.839	0.000000000	0.795	0.000000000	99.998999999999995	0.999000000	99.998999999999995	0.999000000	99.998999999999995	0.999000000	99.998999999999995	0.999000000	3.417	0.000000000	0.612	0.000000000	1.400	0.000000000	3.985	0.000000000	5.425	0.000000000	99.999	0.999000000	99.999	0.999000000
14.334700	15.334700	39.965	0.000000000	2.059	0.000000000	3.557	0.472000000	0.218	0.000000000	36.408	0.472000000	1.861	0.000000000	99.998999999999995	0.999000000	99.998999999999995	0.999000000	99.998999999999995	0.999000000	99.998999999999995	0.999000000	7.056	0.000000000	2.185	0.000000000	3.850	0.000000000	8.052	0.000000000	15.266	0.000000000	99.999	0.999000000	99.999	0.999000000
15.335400	16.334700	13.861	0.000000000	0.754	0.000000000	1.644	0.000000000	0.123	0.000000000	12.217	0.000000000	0.651	0.000000000	99.998999999999995	0.999000000	99.998999999999995	0.999000000	99.998999999999995	0.999000000	99.998999999999995	0.999000000	2.672	0.000000000	0.635	0.000000000	1.229	0.000000000	3.361	0.000000000	4.320	0.000000000	99.999	0.999000000	99.999	0.999000000
16.334700	17.334700	26.790	0.000000000	1.400	0.000000000	3.329	0.000000000	0.207	0.000000000	23.461	0.000000000	1.213	0.000000000	99.998999999999995	0.999000000	99.998999999999995	0.999000000	99.998999999999995	0.999000000	99.998999999999995	0.999000000	3.726	0.000000000	1.661	0.000000000	2.584	0.000000000	6.678	0.000000000	8.812	0.000000000	99.999	0.999000000	99.999	0.999000000
17.335400	18.334700	40.489	0.000000000	2.085	0.000000000	3.696	0.472000000	0.225	0.000000000	36.793	0.472000000	1.880	0.000000000	99.998999999999995	0.999000000	99.998999999999995	0.999000000	99.998999999999995	0.999000000	99.998999999999995	0.999000000	6.000	0.000000000	1.973	0.000000000	3.809	0.000000000	10.022	0.000000000	14.988	0.000000000	99.999	0.999000000	99.999	0.999000000
18.335100	19.335100	48.949	0.000000000	2.508	0.000000000	4.035	0.472000000	0.242	0.000000000	44.914	0.472000000	2.286	0.000000000	99.998999999999995	0.999000000	99.998999999999995	0.999000000	99.998999999999995	0.999000000	99.998999999999995	0.999000000	6.442	0.000000000	2.570	0.000000000	5.011	0.000000000	11.630	0.000000000	19.262	0.000000000	99.999	0.999000000	99.999	0.999000000
19.336100	20.334700	44.236	0.000000000	2.273	0.000000000	3.285	0.000000000	0.205	0.000000000	40.951	0.000000000	2.088	0.000000000	99.998999999999995	0.999000000	99.998999999999995	0.999000000	99.998999999999995	0.999000000	99.998999999999995	0.999000000	6.095	0.000000000	2.419	0.000000000	3.995	0.000000000	10.272	0.000000000	18.170	0.000000000	99.999	0.999000000	99.999	0.999000000
20.336100	21.335200	36.982	0.000000000	1.909	0.000000000	4.091	0.472000000	0.245	0.000000000	32.891	0.472000000	1.685	0.000000000	99.998999999999995	0.999000000	99.998999999999995	0.999000000	99.998999999999995	0.999000000	99.998999999999995	0.999000000	5.536	0.000000000	1.780	0.000000000	3.429	0.000000000	8.606	0.000000000	13.541	0.000000000	99.999	0.999000000	99.999	0.999000000
21.339100	22.335400	23.460	0.000000000	1.233	0.000000000	4.456	0.472000000	0.263	0.000000000	19.005	0.472000000	0.990	0.000000000	99.998999999999995	0.999000000	99.998999999999995	0.999000000	99.998999999999995	0.999000000	99.998999999999995	0.999000000	2.723	0.000000000	0.983	0.000000000	1.896	0.000000000	5.447	0.000000000	7.956	0.000000000	99.999	0.999000000	99.999	0.999000000
22.336100	23.334800	29.330	0.000000000	1.527	0.000000000	3.741	0.472000000	0.227	0.000000000	25.589	0.472000000	1.320	0.000000000	99.998999999999995	0.999000000	99.998999999999995	0.999000000	99.998999999999995	0.999000000	99.998999999999995	0.999000000	4.616	0.000000000	1.641	0.000000000	3.070	0.000000000	8.084	0.000000000	8.179	0.000000000	99.999	0.999000000	99.999	0.999000000
23.336400	24.333600	4.314	0.000000000	0.275	0.000000000	1.160	0.000000000	0.098	0.000000000	3.154	0.000000000	0.197	0.000000000	99.998999999999995	0.999000000	99.998999999999995	0.999000000	99.998999999999995	0.999000000	99.998999999999995	0.999000000	0.704	0.000000000	0.102	0.000000000	0.300	0.000000000	1.251	0.000000000	0.797	0.000000000	99.999	0.999000000	99.999	0.999000000
24.334400	25.326400	6.386	0.669000000	0.416	0.669000000	1.724	0.669000000	0.151	0.669000000	4.662	0.669000000	0.298	0.669000000	99.998999999999995	0.999000000	99.998999999999995	0.999000000	99.998999999999995	0.999000000	99.998999999999995	0.999000000	0.603	0.669000000	0.217	0.669000000	0.684	0.669000000	1.912	0.669000000	1.247	0.669000000	99.999	0.999000000	99.999	0.999000000
25.333300	26.321500	18.149	0.669000000	3.708	0.669000000	1.520	0.669000000	1.943	0.669000000	16.629	0.669000000	2.699	0.669000000	99.998999999999995	0.999000000	99.998999999999995	0.999000000	99.998999999999995	0.999000000	99.998999999999995	0.999000000	3.123	0.669000000	0.290	0.669000000	1.697	0.669000000	11.455	0.669000000	0.063	0.669000000	99.999	0.999000000	99.999	0.999000000
26.333300	27.333300	20.973	0.000000000	1.109	0.000000000	2.616	0.000000000	0.171	0.000000000	18.357	0.000000000	0.958	0.000000000	99.998999999999995	0.999000000	99.998999999999995	0.999000000	99.998999999999995	0.999000000	99.998999999999995	0.999000000	3.729	0.000000000	0.988	0.000000000	1.766	0.000000000	4.291	0.000000000	7.584	0.000000000	99.999	0.999000000	99.999	0.999000000
27.343600	28.334700	27.220	0.000000000	1.422	0.000000000	3.292	0.000000000	0.205	0.000000000	23.928	0.000000000	1.237	0.000000000	99.998999999999995	0.999000000	99.998999999999995	0.999000000	99.998999999999995	0.999000000	99.998999999999995	0.999000000	5.062	0.000000000	1.244	0.000000000	2.283	0.000000000	6.280	0.000000000	9.060	0.000000000	99.999	0.999000000	99.999	0.999000000
28.335400	29.335400	62.912	0.000000000	3.205	0.000000000	4.429	0.472000000	0.261	0.000000000	58.483	0.472000000	2.964	0.000000000	99.998999999999995	0.999000000	99.998999999999995	0.999000000	99.998999999999995	0.999000000	99.998999999999995	0.999000000	7.800	0.000000000	3.011	0.000000000	5.554	0.000000000	12.596	0.000000000	29.523	0.000000000	99.999	0.999000000	99.999	0.999000000
29.336800	30.334700	9.433	0.000000000	0.531	0.000000000	1.871	0.000000000	0.133	0.000000000	7.562	0.000000000	0.418	0.000000000	99.998999999999995	0.999000000	99.998999999999995	0.999000000	99.998999999999995	0.999000000	99.998999999999995	0.999000000	1.769	0.000000000	0.350	0.000000000	0.833	0.000000000	2.288	0.000000000	2.322	0.000000000	99.999	0.999000000	99.999	0.999000000
30.335200	31.333300	5.680	0.000000000	0.321	0.000000000	1.249	0.000000000	0.087	0.000000000	4.431	0.000000000	0.246	0.000000000	99.998999999999995	0.999000000	99.998999999999995	0.999000000	99.998999999999995	0.999000000	99.998999999999995	0.999000000	0.967	0.000000000	0.164	0.000000000	0.428	0.000000000	1.399	0.000000000	1.473	0.000000000	99.999	0.999000000	99.999	0.999000000
31.333300	32.337200	20.628	0.000000000	1.093	0.000000000	2.643	0.000000000	0.173	0.000000000	17.984	0.000000000	0.940	0.000000000	99.998999999999995	0.999000000	99.998999999999995	0.999000000	99.998999999999995	0.999000000	99.998999999999995	0.999000000	3.822	0.000000000	0.840	0.000000000	1.693	0.000000000	4.502	0.000000000	7.127	0.000000000	99.999	0.999000000	99.999	0.999000000
32.337500	33.333300	14.906	0.000000000	0.806	0.000000000	1.588	0.000000000	0.120	0.000000000	13.319	0.000000000	0.706	0.000000000	99.998999999999995	0.999000000	99.998999999999995	0.999000000	99.998999999999995	0.999000000	99.998999999999995	0.999000000	2.262	0.000000000	0.461	0.000000000	1.061	0.000000000	2.745	0.000000000	6.790	0.000000000	99.999	0.999000000	99.999	0.999000000
33.333800	34.334000	26.877	0.000000000	1.404	0.000000000	2.592	0.000000000	0.170	0.000000000	24.285	0.000000000	1.254	0.000000000	99.998999999999995	0.999000000	99.998999999999995	0.999000000	99.998999999999995	0.999000000	99.998999999999995	0.999000000	5.134	0.000000000	1.404	0.000000000	2.388	0.000000000	5.694	0.000000000	9.664	0.000000000	99.999	0.999000000	99.999	0.999000000
34.335100	35.334900	45.055	0.000000000	2.312	0.000000000	4.501	0.472000000	0.265	0.000000000	40.554	0.472000000	2.068	0.000000000	99.998999999999995	0.999000000	99.998999999999995	0.999000000	99.998999999999995	0.999000000	99.998999999999995	0.999000000	6.112	0.000000000	2.340	0.000000000	4.122	0.000000000	9.867	0.000000000	18.114	0.000000000	99.999	0.999000000	99.999	0.999000000
35.335300	36.334500	16.170	0.000000000	0.869	0.000000000	2.497	0.000000000	0.165	0.000000000	13.673	0.000000000	0.724	0.000000000	99.998999999999995	0.999000000	99.998999999999995	0.999000000	99.998999999999995	0.999000000	99.998999999999995	0.999000000	2.784	0.000000000	0.669	0.000000000	1.174	0.000000000	2.925	0.000000000	6.121	0.000000000	99.999	0.999000000	99.999	0.999000000
36.335100	37.333300	20.056	0.000000000	1.063	0.000000000	2.822	0.000000000	0.181	0.000000000	17.234	0.000000000	0.902	0.000000000	99.998999999999995	0.999000000	99.998999999999995	0.999000000	99.998999999999995	0.999000000	99.998999999999995	0.999000000	3.763	0.000000000	0.835	0.000000000	1.467	0.000000000	3.754	0.000000000	7.415	0.000000000	99.999	0.999000000	99.999	0.999000000
37.333800	38.333800	9.796	0.000000000	0.551	0.000000000	1.252	0.000000000	0.103	0.000000000	8.545	0.000000000	0.468	0.000000000	99.998999999999995	0.999000000	99.998999999999995	0.999000000	99.998999999999995	0.999000000	99.998999999999995	0.999000000	1.836	0.000000000	0.291	0.000000000	0.712	0.000000000	1.746	0.000000000	3.961	0.000000000	99.999	0.999000000	99.999	0.999000000
38.335300	39.333700	52.647	0.000000000	2.693	0.000000000	4.420	0.472000000	0.261	0.000000000	48.228	0.472000000	2.452	0.000000000	99.998999999999995	0.999000000	99.998999999999995	0.999000000	99.998999999999995	0.999000000	99.998999999999995	0.999000000	7.157	0.000000000	3.367	0.000000000	5.344	0.000000000	11.765	0.000000000	20.594	0.000000000	99.999	0.999000000	99.999	0.999000000
39.334100	40.333300	25.765	0.000000000	1.348	0.000000000	3.722	0.472000000	0.226	0.000000000	22.043	0.472000000	1.142	0.000000000	99.998999999999995	0.999000000	99.998999999999995	0.999000000	99.998999999999995	0.999000000	99.998999999999995	0.999000000	3.151	0.000000000	0.943	0.000000000	2.528	0.000000000	6.367	0.000000000	9.054	0.000000000	99.999	0.999000000	99.999	0.999000000
40.342800	41.334000	17.026	0.000000000	0.912	0.000000000	2.218	0.000000000	0.151	0.000000000	14.809	0.000000000	0.781	0.000000000	99.998999999999995	0.999000000	99.998999999999995	0.999000000	99.998999999999995	0.999000000	99.998999999999995	0.999000000	2.720	0.000000000	0.889	0.000000000	1.364	0.000000000	3.220	0.000000000	6.615	0.000000000	99.999	0.999000000	99.999	0.999000000
