ebas_test_data/BA0009U.20171213080000.20191009110000.lvs.ocec.pm10.4w.1d.DE49L_Single_filter_sampler_MVS6.HR03L_OC-EC_Aerosol_Analyzer.lev2.nas
130 1001
Godec, Ranka; Huremovic, Jasna; Dzepina, Katja
DE49L, Max Planck Institute for Chemistry, MPIC, Multiphase Chemistry Department, Hahn-Meitner-Weg 1,, D-55128, Mainz, Germany
Dzepina, Katja
EMEP ACTRIS COLOSSAL CAMPAIGN
1 1
2017 12 13 2019 10 09
1
days from file reference point
35
1 1 1 1 1 1 1 1 1 1 1 1 1 1 1 1 1 1 1 1 1 1 1 1 1 1 1 1 1 1 1 1 1 1 1
999.999999 9999.999 9.999999999 99.999 9.999999999 999.999 9.999999999 9.999 9.999999999 9999.999 9.999999999 99.999 9.999999999 99.999999999 9.999999999 99.999999999 9.999999999 99.999999999 9.999999999 99.999999999 9.999999999 999.999 9.999999999 99.999 9.999999999 999.999 9.999999999 999.999 9.999999999 999.999 9.999999999 99.999999999 9.999999999 99.999999999 9.999999999
end_time of measurement, days from the file reference point
total_carbon, ug C/m3, Detection limit=0.536 ug C/m3
numflag total_carbon, no unit
total_carbon, ug C/m3, Statistics=uncertainty
numflag total_carbon, no unit, Statistics=uncertainty
elemental_carbon, ug C/m3, Detection limit=0.05 ug C/m3
numflag elemental_carbon, no unit
elemental_carbon, ug C/m3, Statistics=uncertainty
numflag elemental_carbon, no unit, Statistics=uncertainty
organic_carbon, ug C/m3, Detection limit=0.544 ug C/m3
numflag organic_carbon, no unit
organic_carbon, ug C/m3, Statistics=uncertainty
numflag organic_carbon, no unit, Statistics=uncertainty
organic_carbon, ug C/m3, Artifact=positive
numflag organic_carbon, no unit, Artifact=positive
organic_carbon, ug C/m3, Artifact=positive, Statistics=uncertainty
numflag organic_carbon, no unit, Artifact=positive, Statistics=uncertainty
organic_carbon, ug C/m3, Artifact=negative
numflag organic_carbon, no unit, Artifact=negative
organic_carbon, ug C/m3, Artifact=negative, Statistics=uncertainty
numflag organic_carbon, no unit, Artifact=negative, Statistics=uncertainty
organic_carbon, ug C/m3, Fraction=OC1
numflag organic_carbon, no unit, Fraction=OC1
organic_carbon, ug C/m3, Fraction=OC2
numflag organic_carbon, no unit, Fraction=OC2
organic_carbon, ug C/m3, Fraction=OC3
numflag organic_carbon, no unit, Fraction=OC3
organic_carbon, ug C/m3, Fraction=OC4
numflag organic_carbon, no unit, Fraction=OC4
organic_carbon, ug C/m3, Fraction=OCPyr
numflag organic_carbon, no unit, Fraction=OCPyr
organic_carbon, ug C/m3, Fraction=CC
numflag organic_carbon, no unit, Fraction=CC
elemental_carbon, ug C/m3, Fraction=CC
numflag elemental_carbon, no unit, Fraction=CC
0
81
Data definition:                         EBAS_1.1 
Set type code:                           TU 
Timezone:                                UTC
File name:                               BA0009U.20171213080000.20191009110000.low_vol_sampler.ocec.pm10.4w.1d.DE49L_Single_filter_sampler_MVS6.HR03L_Lab_OC-EC_Aerosol_Analyzer.lev2.nas
Startdate:                               20171213080000 
Revision date:               		  20191009110000
Version:                                 1 
Version description:                     initial revision, manually inspected 
Data level:                              2
Period code:                             4w
Resolution code:                         1d
Sample duration:                         1d
Orig. time res.:                         1d
Station code:                            BA0009U 
Platform code:                           BA0009S 
Station name:                            Sarajevo Pofalici 
Station WDCA-ID:                         
Station GAW-Name:                        
Station GAW-ID:                          
Station AIRS-ID:                          
Station other IDs:                        
Station state/province:                   Bosnia and Herzegovina, Sarajevo Canton
Station land use:                        Commercial 
Station setting:                         Urban and center city 
Station GAW type:                        
Station WMO region:                      6 
Station latitude:                      43.8542
Station longitude:                      18.3947
Station altitude:                        545.0 m 
Measurement latitude:          43.8542
Measurement longitude:        18.3947
Measurement altitude:        545.0 m
Measurement height:                      10 m
Component:                               ocec 
Unit:                                    ug C/m3 
Matrix:                                  pm10 
Laboratory code:                         DE49L
Instrument type:                         low_vol_sampler 
Instrument manufacturer:                 Leckel 
Instrument model:                        MVS6 
Instrument name:                         Single_filter_sampler_MVS6
Instrument serial number:                09/0057 
Analytical laboratory code:              HR03L 
Analytical measurement technique:        thermal-optical_analysis 
Analytical instrument manufacturer:      Sunset Laboratory 
Analytical instrument model:             OCEC Lab Instrument Model 4L 
Analytical instrument name:              Lab_OC-EC_Aerosol_Analyzer
Analytical instrument serial number:      
Charring correction:                     By laser transmission 
Standard method:                         SOP=EMEP_manual_v2014, TEMP=EUSAAR_2 
Inlet type:                              Impactor--direct 
Inlet description:                       Upward facing with rain shield 
Flow rate:                               2.3 m3/hour
Filter face velocity:                    46.13 cm/s 
Exposed filter area:                     13.85 cm2 
Humidity/temperature control:            None 
Humidity/temperature control description: filter kept at ambient conditions together with sampling head 
Medium:                                  Quartz 
Filter description:                      WhatmanQM-A47mm 
Filter prefiring:                        1123.15K, 3h 
Filter conditioning:                     293.15K, 50%RH, 48h 
Sample preparation:                      None 
Blank correction:                        Not blank corrected 
Artifact correction:                     None 
Artifact correction description:          
Volume std. temperature:                 ambient
Volume std. pressure:                    ambient
Detection limit expl.:                   Determined by taking 3 times standard deviation of ensemble of field blanks 
Measurement uncertainty expl.:           Measurement uncertainty includes quantifiable uncertainty
Zero/negative values code:               Zero/negative possible 
Zero/negative values:                    Zero/negative values reported as measured if within detection limit, flagged with 780 
QA1 measure ID:                          
QA1 date:                                
QA1 document URL:                        
Originator:                   Godec, Ranka, rgodec@imi.hr, Institute for Medical Research and Occupational Health, IMI, Environmental Hygiene Unit, Ksaverska cesta 2, HR-10001,, Zagreb, Croatia
Originator:                   Huremovic, Jasna, jasnahuremovic@yahoo.com, University of Sarajevo, UNSA, Faculty of Science Department of Chemistry, Zmaja od Bosne 33-35,,, Sarajevo, Bosnia and Herzegovina
Originator:                   Dzepina, Katja, dzepina@gmail.com, Max Planck Institute for Chemistry, MPIC, Multiphase Chemistry Department, Hahn-Meitner-Weg 1,, D-55128, Mainz, Germany
Submitter:                   Dzepina, Katja, dzepina@gmail.com, Max Planck Institute for Chemistry, MPIC, Multiphase Chemistry Department, Hahn-Meitner-Weg 1,, D-55128, Mainz, Germany
Acknowledgement:                         Request acknowledgement details from data originator 
Comment:                                  Laboratory code stands for the institution responsible for collecting the data (University of Sarajevo) and Analytical laboratory code for the institution performing the OC/EC analysis (IMI). Finally, file name has the Analytical lab code. 
start_time	end_time	TC	TC_flag	TC_uncert	TC_uncert_flag	EC	EC_flag	EC_uncert	EC_uncert_flag	OC	OC_flag	OC_uncert	OC_uncert_flag	OC_pos	OC_pos_flag	OC_uncert_pos	OC_uncert_pos_flag	OC_neg	OC_neg_flag	OC_uncert_neg	OC_uncert_neg_flag	OC_peak1	OC_peak1_flag	OC_peak2	OC_peak2_flag	OC_peak3	OC_peak3_flag	OC_peak4	OC_peak4_flag	OC_Pyr	OC_Pyr_flag	OC_CC	OC_CC_flag	EC_CC	EC_CC_flag
0.333333	1.333333	29.166	0.000000000	1.534	0.000000000	4.422	0.472000000	0.271	0.000000000	24.744	0.472000000	1.287	0.000000000	99.999999999	0.999000000	99.999999999	0.999000000	99.999999999	0.999000000	99.999999999	0.999000000	4.687	0.000000000	1.270	0.000000000	2.674	0.000000000	5.762	0.000000000	10.351	0.000000000	99.999999999	0.999000000	99.999999999	0.999000000
1.333333	2.333333	11.556	0.000000000	0.653	0.000000000	4.561	0.472000000	0.278	0.000000000	6.995	0.472000000	0.400	0.000000000	99.999999999	0.999000000	99.999999999	0.999000000	99.999999999	0.999000000	99.999999999	0.999000000	1.144	0.000000000	0.321	0.000000000	0.774	0.000000000	2.925	0.000000000	1.831	0.000000000	99.999999999	0.999000000	99.999999999	0.999000000
2.333333	3.333333	4.844	0.000000000	0.318	0.000000000	2.031	0.000000000	0.152	0.000000000	2.814	0.000000000	0.191	0.000000000	99.999999999	0.999000000	99.999999999	0.999000000	99.999999999	0.999000000	99.999999999	0.999000000	0.525	0.000000000	0.112	0.000000000	0.334	0.000000000	1.238	0.000000000	0.605	0.000000000	99.999999999	0.999000000	99.999999999	0.999000000
3.333333	4.333333	11.772	0.000000000	0.664	0.000000000	2.278	0.000000000	0.164	0.000000000	9.493	0.000000000	0.525	0.000000000	99.999999999	0.999000000	99.999999999	0.999000000	99.999999999	0.999000000	99.999999999	0.999000000	1.436	0.000000000	0.293	0.000000000	0.868	0.000000000	2.840	0.000000000	4.056	0.000000000	99.999999999	0.999000000	99.999999999	0.999000000
4.333333	5.333333	13.666	0.000000000	0.759	0.000000000	1.889	0.000000000	0.145	0.000000000	11.777	0.000000000	0.639	0.000000000	99.999999999	0.999000000	99.999999999	0.999000000	99.999999999	0.999000000	99.999999999	0.999000000	2.134	0.000000000	0.327	0.000000000	0.967	0.000000000	2.812	0.000000000	5.537	0.000000000	99.999999999	0.999000000	99.999999999	0.999000000
5.333333	6.333333	14.319	0.000000000	0.791	0.000000000	1.961	0.000000000	0.148	0.000000000	12.357	0.000000000	0.668	0.000000000	99.999999999	0.999000000	99.999999999	0.999000000	99.999999999	0.999000000	99.999999999	0.999000000	2.163	0.000000000	0.387	0.000000000	1.048	0.000000000	2.834	0.000000000	5.925	0.000000000	99.999999999	0.999000000	99.999999999	0.999000000
6.333333	7.333333	18.659	0.000000000	1.008	0.000000000	2.952	0.000000000	0.198	0.000000000	15.708	0.000000000	0.836	0.000000000	99.999999999	0.999000000	99.999999999	0.999000000	99.999999999	0.999000000	99.999999999	0.999000000	3.068	0.000000000	0.560	0.000000000	1.394	0.000000000	4.221	0.000000000	6.465	0.000000000	99.999999999	0.999000000	99.999999999	0.999000000
7.333333	8.333333	16.281	0.000000000	0.889	0.000000000	3.221	0.000000000	0.211	0.000000000	13.061	0.000000000	0.703	0.000000000	99.999999999	0.999000000	99.999999999	0.999000000	99.999999999	0.999000000	99.999999999	0.999000000	2.461	0.000000000	0.549	0.000000000	1.124	0.000000000	3.905	0.000000000	5.022	0.000000000	99.999999999	0.999000000	99.999999999	0.999000000
8.333333	9.333333	28.218	0.000000000	1.486	0.000000000	5.289	0.472000000	0.315	0.000000000	22.929	0.472000000	1.197	0.000000000	99.999999999	0.999000000	99.999999999	0.999000000	99.999999999	0.999000000	99.999999999	0.999000000	4.547	0.000000000	1.102	0.000000000	2.269	0.000000000	6.457	0.000000000	8.554	0.000000000	99.999999999	0.999000000	99.999999999	0.999000000
9.333333	10.333333	73.308	0.000000000	3.741	0.000000000	4.020	0.000000000	0.251	0.000000000	69.288	0.000000000	3.515	0.000000000	99.999999999	0.999000000	99.999999999	0.999000000	99.999999999	0.999000000	99.999999999	0.999000000	10.198	0.000000000	4.595	0.000000000	7.139	0.000000000	14.432	0.000000000	32.923	0.000000000	99.999999999	0.999000000	99.999999999	0.999000000
10.333333	11.333333	43.483	0.000000000	2.250	0.000000000	6.115	0.472000000	0.356	0.000000000	37.368	0.472000000	1.919	0.000000000	99.999999999	0.999000000	99.999999999	0.999000000	99.999999999	0.999000000	99.999999999	0.999000000	5.578	0.000000000	3.617	0.000000000	4.456	0.000000000	9.765	0.000000000	13.952	0.000000000	99.999999999	0.999000000	99.999999999	0.999000000
11.333333	12.333333	79.230	0.000000000	4.037	0.000000000	5.302	0.472000000	0.315	0.000000000	73.928	0.472000000	3.747	0.000000000	99.999999999	0.999000000	99.999999999	0.999000000	99.999999999	0.999000000	99.999999999	0.999000000	11.252	0.000000000	4.338	0.000000000	8.614	0.000000000	16.320	0.000000000	33.405	0.000000000	99.999999999	0.999000000	99.999999999	0.999000000
12.333333	13.333333	101.880	0.000000000	5.169	0.000000000	5.373	0.472000000	0.319	0.000000000	96.506	0.472000000	4.876	0.000000000	99.999999999	0.999000000	99.999999999	0.999000000	99.999999999	0.999000000	99.999999999	0.999000000	11.872	0.000000000	5.402	0.000000000	9.743	0.000000000	17.518	0.000000000	51.971	0.000000000	99.999999999	0.999000000	99.999999999	0.999000000
13.333333	14.333333	34.999	0.000000000	1.825	0.000000000	7.070	0.472000000	0.404	0.000000000	27.929	0.472000000	1.447	0.000000000	99.999999999	0.999000000	99.999999999	0.999000000	99.999999999	0.999000000	99.999999999	0.999000000	3.978	0.000000000	0.980	0.000000000	2.480	0.000000000	7.908	0.000000000	12.583	0.000000000	99.999999999	0.999000000	99.999999999	0.999000000
14.333333	15.333333	5.576	0.000000000	0.354	0.000000000	2.016	0.000000000	0.151	0.000000000	3.559	0.000000000	0.228	0.000000000	99.999999999	0.999000000	99.999999999	0.999000000	99.999999999	0.999000000	99.999999999	0.999000000	0.879	0.000000000	0.141	0.000000000	0.379	0.000000000	1.387	0.000000000	0.774	0.000000000	99.999999999	0.999000000	99.999999999	0.999000000
15.333333	16.333333	5.649	0.000000000	0.358	0.000000000	2.152	0.000000000	0.158	0.000000000	3.496	0.000000000	0.225	0.000000000	99.999999999	0.999000000	99.999999999	0.999000000	99.999999999	0.999000000	99.999999999	0.999000000	0.972	0.000000000	0.156	0.000000000	0.433	0.000000000	1.175	0.000000000	0.760	0.000000000	99.999999999	0.999000000	99.999999999	0.999000000
16.333333	17.333333	29.264	0.000000000	1.539	0.000000000	4.632	0.472000000	0.282	0.000000000	24.632	0.472000000	1.282	0.000000000	99.999999999	0.999000000	99.999999999	0.999000000	99.999999999	0.999000000	99.999999999	0.999000000	4.889	0.000000000	1.341	0.000000000	2.410	0.000000000	6.048	0.000000000	9.944	0.000000000	99.999999999	0.999000000	99.999999999	0.999000000
17.333333	18.333333	68.759	0.000000000	3.513	0.000000000	4.707	0.472000000	0.286	0.000000000	64.052	0.472000000	3.253	0.000000000	99.999999999	0.999000000	99.999999999	0.999000000	99.999999999	0.999000000	99.999999999	0.999000000	10.794	0.000000000	3.035	0.000000000	6.272	0.000000000	14.130	0.000000000	29.821	0.000000000	99.999999999	0.999000000	99.999999999	0.999000000
18.333333	19.333333	128.739	0.000000000	6.512	0.000000000	7.246	0.472000000	0.413	0.000000000	121.493	0.472000000	6.125	0.000000000	99.999999999	0.999000000	99.999999999	0.999000000	99.999999999	0.999000000	99.999999999	0.999000000	14.047	0.000000000	7.615	0.000000000	15.315	0.000000000	26.864	0.000000000	57.652	0.000000000	99.999999999	0.999000000	99.999999999	0.999000000
19.333333	20.333333	79.837	0.000000000	4.067	0.000000000	5.873	0.472000000	0.344	0.000000000	73.963	0.472000000	3.748	0.000000000	99.999999999	0.999000000	99.999999999	0.999000000	99.999999999	0.999000000	99.999999999	0.999000000	9.894	0.000000000	3.744	0.000000000	8.388	0.000000000	17.413	0.000000000	34.524	0.000000000	99.999999999	0.999000000	99.999999999	0.999000000
20.333333	21.333333	28.856	0.000000000	1.518	0.000000000	3.350	0.000000000	0.218	0.000000000	25.506	0.000000000	1.326	0.000000000	99.999999999	0.999000000	99.999999999	0.999000000	99.999999999	0.999000000	99.999999999	0.999000000	4.463	0.000000000	1.308	0.000000000	2.366	0.000000000	5.921	0.000000000	11.447	0.000000000	99.999999999	0.999000000	99.999999999	0.999000000
21.333333	22.333333	19.197	0.000000000	1.035	0.000000000	3.054	0.000000000	0.203	0.000000000	16.144	0.000000000	0.857	0.000000000	99.999999999	0.999000000	99.999999999	0.999000000	99.999999999	0.999000000	99.999999999	0.999000000	3.090	0.000000000	0.539	0.000000000	1.476	0.000000000	4.291	0.000000000	6.747	0.000000000	99.999999999	0.999000000	99.999999999	0.999000000
22.333333	23.333333	56.651	0.000000000	2.908	0.000000000	5.107	0.472000000	0.306	0.000000000	51.544	0.472000000	2.627	0.000000000	99.999999999	0.999000000	99.999999999	0.999000000	99.999999999	0.999000000	99.999999999	0.999000000	8.577	0.000000000	2.710	0.000000000	5.082	0.000000000	11.364	0.000000000	23.809	0.000000000	99.999999999	0.999000000	99.999999999	0.999000000
23.333333	24.333333	60.901	0.000000000	3.120	0.000000000	10.235	0.472000000	0.562	0.000000000	50.666	0.472000000	2.584	0.000000000	99.999999999	0.999000000	99.999999999	0.999000000	99.999999999	0.999000000	99.999999999	0.999000000	8.977	0.000000000	2.963	0.000000000	6.323	0.000000000	12.453	0.000000000	19.951	0.000000000	99.999999999	0.999000000	99.999999999	0.999000000
24.333333	25.333333	18.998	0.000000000	1.025	0.000000000	3.912	0.000000000	0.246	0.000000000	15.086	0.000000000	0.805	0.000000000	99.999999999	0.999000000	99.999999999	0.999000000	99.999999999	0.999000000	99.999999999	0.999000000	2.543	0.000000000	0.488	0.000000000	1.385	0.000000000	4.419	0.000000000	6.250	0.000000000	99.999999999	0.999000000	99.999999999	0.999000000
25.333333	26.333333	24.090	0.000000000	1.280	0.000000000	6.434	0.472000000	0.372	0.000000000	17.656	0.472000000	0.933	0.000000000	99.999999999	0.999000000	99.999999999	0.999000000	99.999999999	0.999000000	99.999999999	0.999000000	3.129	0.000000000	0.794	0.000000000	2.089	0.000000000	5.780	0.000000000	5.864	0.000000000	99.999999999	0.999000000	99.999999999	0.999000000
26.333333	27.333333	25.024	0.000000000	1.327	0.000000000	6.973	0.472000000	0.399	0.000000000	18.051	0.472000000	0.953	0.000000000	99.999999999	0.999000000	99.999999999	0.999000000	99.999999999	0.999000000	99.999999999	0.999000000	3.346	0.000000000	0.816	0.000000000	2.101	0.000000000	5.484	0.000000000	6.303	0.000000000	99.999999999	0.999000000	99.999999999	0.999000000
27.333333	28.333333	6.581	0.000000000	0.404	0.000000000	2.330	0.000000000	0.167	0.000000000	4.251	0.000000000	0.263	0.000000000	99.999999999	0.999000000	99.999999999	0.999000000	99.999999999	0.999000000	99.999999999	0.999000000	0.937	0.000000000	0.175	0.000000000	0.505	0.000000000	1.560	0.000000000	1.075	0.000000000	99.999999999	0.999000000	99.999999999	0.999000000
