ebas_test_data/BA0029U.20180109090451.20191009120000.hvs.ocec.pm10.7w.1d.DE49L_FHMZBiH_HVS_01.HR03L_Lab_OC-EC_Aerosol_Analyzer.lev2.nas
130 1001 
Godec, Ranka; Omercic,Enis; Dzepina, Katja
DE49L,Max Planck Institute for Chemistry,MPIC,Multiphase Chemistry Department, Hahn-Meitner-Weg 1,, D-55128, Mainz, Germany
Dzepina, Katja
EMEP ACTRIS COLOSSAL CAMPAIGN
1 1
2018 01 09 2019 10 09
0
days from file reference point
35
1 1 1 1 1 1 1 1 1 1 1 1 1 1 1 1 1 1 1 1 1 1 1 1 1 1 1 1 1 1 1 1 1 1 1
999.999999 999.999 9.999999999 99.999 9.999999999 99.999 9.999999999 99.999 9.999999999 999.999 9.999999999 99.999 9.999999999 99.999 9.999999999 99.999 9.999999999 99.999 9.999999999 99.999 9.999999999 99.999 9.999999999 99.999 9.999999999 99.999 9.999999999 999.999 9.999999999 999.999 9.999999999 99.999 9.999999999 99.999 9.999999999 
end_time of measurement, days from the file reference point
total_carbon, ug C/m3, Detection limit=0.242 ug C/m3
numflag total_carbon, no unit
total_carbon, ug C/m3, Statistics=uncertainty
numflag total_carbon, no unit, Statistics=uncertainty
elemental_carbon, ug C/m3, Detection limit=0.014 ug C/m3
numflag elemental_carbon, no unit
elemental_carbon, ug C/m3, Statistics=uncertainty
numflag elemental_carbon, no unit, Statistics=uncertainty
organic_carbon, ug C/m3, Detection limit=0.233 ug C/m3
numflag organic_carbon, no unit
organic_carbon, ug C/m3, Statistics=uncertainty
numflag organic_carbon, no unit, Statistics=uncertainty
organic_carbon, ug C/m3, Artifact=positive
numflag organic_carbon, no unit, Artifact=positive
organic_carbon, ug C/m3, Artifact=positive, Statistics=uncertainty
numflag organic_carbon, no unit, Artifact=positive, Statistics=uncertainty
organic_carbon, ug C/m3, Artifact=negative
numflag organic_carbon, no unit, Artifact=negative
organic_carbon, ug C/m3, Artifact=negative, Statistics=uncertainty
numflag organic_carbon, no unit, Artifact=negative, Statistics=uncertainty
organic_carbon, ug C/m3, Fraction=OC1
numflag organic_carbon, no unit, Fraction=OC1
organic_carbon, ug C/m3, Fraction=OC2
numflag organic_carbon, no unit, Fraction=OC2
organic_carbon, ug C/m3, Fraction=OC3
numflag organic_carbon, no unit, Fraction=OC3
organic_carbon, ug C/m3, Fraction=OC4
numflag organic_carbon, no unit, Fraction=OC4
organic_carbon, ug C/m3, Fraction=OCPyr
numflag organic_carbon, no unit, Fraction=OCPyr
organic_carbon, ug C/m3, Fraction=CC
numflag organic_carbon, no unit, Fraction=CC
elemental_carbon, ug C/m3, Fraction=CC
numflag elemental_carbon, no unit, Fraction=CC
0
81
Data definition:                         EBAS_1.1 
Set type code:                           TI
Timezone:                                UTC
File name:                    BA0029A.20180109090451.20191009120000.hi_vol_sampler.ocec.pm10.49d.1d.HR03L_IMI_Sunset.HR03L_EUSAAR_2.lev0.nas
Startdate:                               20180109090451 
Revision date:               20191009120000
Version:                                 1 
Version description:                     initial revision, manually inspected 
Data level:                              2
Period code:                             7w
Resolution code:                         1d
Sample duration:                         1d
Orig. time res.:                         1d
Station code:                            BA0029U 
Platform code:                           BA0029S 
Station name:                            Sarajevo Bjelave 
Station WDCA-ID:                         
[...]
QA1 measure ID:                          
QA1 date:                                
QA1 document URL:                        
Originator:                              Godec,Ranka, rgodec@imi.hr, Institute for Medicinal Research and Occupational Health, IMI, Environmental Hygiene Unit,, Ksaverska cesta 2, HR-10001, Zagreb, Croatia
Originator:                              Omercic,Enis, enis.omercic@fhmzbih.gov.ba, Federal Hydrometeorological Institute of Bosnia and Herzegovina,,, Bardakčije 12,, 71000, Sarajevo, Bosnia and Herzegovina
Originator:                   Dzepina, Katja, dzepina@gmail.com, Max Planck Institute for Chemistry, MPIC, Multiphase Chemistry Department, Hahn-Meitner-Weg 1,, D-55128, Mainz, Germany
Submitter:                                Dzepina, Katja, dzepina@gmail.com, Max Planck Institute for Chemistry, MPIC, Multiphase Chemistry Department, Hahn-Meitner-Weg 1,, D-55128, Mainz, Germany
Acknowledgement:                         Request acknowledgement details from data originator 
Comment:                                  Laboratory code stands for the institution responsible for collecting the data (MPIC) and Analytical laboratory code for the institution performing the OC/EC analysis (IMI). Finally, file name has the Analytical lab code. 
start_time end_time TC TC_flag TC_uncert TC_uncert_flag EC EC_flag EC_uncert EC_uncert_flag OC OC_flag OC_uncert OC_uncert_flag OC_pos OC_pos_flag OC_uncert_pos OC_uncert_pos_flag OC_neg OC_neg_flag OC_uncert_neg OC_uncert_neg_flag OC_peak1 OC_peak1_flag OC_peak2 OC_peak2_flag OC_peak3 OC_peak3_flag OC_peak4 OC_peak4_flag OC_Pyr OC_Pyr_flag OC_CC OC_CC_flag EC_CC EC_CC_flag
[from data line 42]
42.334300	43.334300	23.089	0.000000000	1.215	0.000000000	2.260	0.000000000	0.153	0.000000000	20.829	0.000000000	1.082	0.000000000	99.998999999999995	0.999000000	99.998999999999995	0.999000000	99.998999999999995	0.999000000	99.998999999999995	0.999000000	3.839	0.000000000	0.678	0.000000000	1.658	0.000000000	3.479	0.000000000	11.175	0.000000000	99.999	0.999000000	99.999	0.999000000
43.334800	44.334700	20.724	0.000000000	1.096	0.000000000	2.431	0.000000000	0.162	0.000000000	18.293	0.000000000	0.955	0.000000000	99.998999999999995	0.999000000	99.998999999999995	0.999000000	99.998999999999995	0.999000000	99.998999999999995	0.999000000	3.699	0.000000000	0.795	0.000000000	1.587	0.000000000	3.709	0.000000000	8.502	0.000000000	99.999	0.999000000	99.999	0.999000000
44.335400	45.334700	35.099	0.000000000	1.815	0.000000000	2.576	0.000000000	0.169	0.000000000	32.523	0.000000000	1.666	0.000000000	99.998999999999995	0.999000000	99.998999999999995	0.999000000	99.998999999999995	0.999000000	99.998999999999995	0.999000000	5.859	0.000000000	1.433	0.000000000	2.834	0.000000000	5.672	0.000000000	16.725	0.000000000	99.999	0.999000000	99.999	0.999000000
45.335400	46.334400	31.031	0.000000000	1.612	0.000000000	2.428	0.000000000	0.161	0.000000000	28.603	0.000000000	1.470	0.000000000	99.998999999999995	0.999000000	99.998999999999995	0.999000000	99.998999999999995	0.999000000	99.998999999999995	0.999000000	5.024	0.000000000	1.120	0.000000000	2.407	0.000000000	5.021	0.000000000	15.031	0.000000000	99.999	0.999000000	99.999	0.999000000
46.334800	47.333600	12.672	0.000000000	0.694	0.000000000	1.710	0.000000000	0.126	0.000000000	10.963	0.000000000	0.589	0.000000000	99.998999999999995	0.999000000	99.998999999999995	0.999000000	99.998999999999995	0.999000000	99.998999999999995	0.999000000	2.384	0.000000000	0.361	0.000000000	0.887	0.000000000	2.193	0.000000000	5.138	0.000000000	99.999	0.999000000	99.999	0.999000000
47.334100	48.334100	9.999	0.000000000	0.561	0.000000000	0.917	0.000000000	0.087	0.000000000	9.082	0.000000000	0.495	0.000000000	99.998999999999995	0.999000000	99.998999999999995	0.999000000	99.998999999999995	0.999000000	99.998999999999995	0.999000000	1.854	0.000000000	0.225	0.000000000	0.705	0.000000000	2.107	0.000000000	4.191	0.000000000	99.999	0.999000000	99.999	0.999000000
48.335800	49.335800	12.859	0.000000000	0.704	0.000000000	1.284	0.000000000	0.105	0.000000000	11.575	0.000000000	0.620	0.000000000	99.998999999999995	0.999000000	99.998999999999995	0.999000000	99.998999999999995	0.999000000	99.998999999999995	0.999000000	2.688	0.000000000	0.414	0.000000000	0.922	0.000000000	2.421	0.000000000	5.131	0.000000000	99.999	0.999000000	99.999	0.999000000
