ebas_test_data/BE0007R.20171201000000.20180625000000.low_vol_sampler.ocec.pm10.4mo.4d.BE01L_ISSeP_lvs_be07_pm10.BE01L_ISSeP_sunset_001.lev2.nas
127 1001 
Bergmans, Benjamin; FONSNY, Eric
BE01L, Institut Scientifique de Service Public, ISSeP, Air quality, Rue du Chéra 200, , 4000, Liège, Belgium
Bergmans, Benjamin
ACTRIS GAW-WDCA COLOSSAL CAMPAIGN
1 1
2017 12 01 2018 06 25
0
days from file reference point
35
1 1 1 1 1 1 1 1 1 1 1 1 1 1 1 1 1 1 1 1 1 1 1 1 1 1 1 1 1 1 1 1 1 1 1
9999.999999 99.999 9.999999999 99.999 9.999999999 99.999 9.999999999 99.999 9.999999999 99.999 9.999999999 99.999 9.999999999 9.999 9.999999999 9.999 9.999999999 9.999 9.999999999 9.999 9.999999999 99.999 9.999999999 99.999 9.999999999 99.999 9.999999999 99.999 9.999999999 99.999 9.999999999 9.999 9.999999999 9.999 9.999999999
end_time of measurement, days from the file reference point
total_carbon, ug C/m3, Detection limit= 0.1 ug C/m3 
numflag total_carbon, no unit
total_carbon, ug C/m3, Statistics=uncertainty
numflag total_carbon, no unit, Statistics=uncertainty
elemental_carbon, ug C/m3, Detection limit= 0.1 ug C/m3 
numflag elemental_carbon, no unit
elemental_carbon, ug C/m3, Statistics=uncertainty
numflag elemental_carbon, no unit, Statistics=uncertainty
organic_carbon, ug C/m3, Detection limit= 0.1 ug C/m3 
numflag organic_carbon, no unit
organic_carbon, ug C/m3, Statistics=uncertainty
numflag organic_carbon, no unit, Statistics=uncertainty
organic_carbon, ug C/m3, Artifact=positive
numflag organic_carbon, no unit, Artifact=positive
organic_carbon, ug C/m3, Artifact=positive, Statistics=uncertainty
numflag organic_carbon, no unit, Artifact=positive, Statistics=uncertainty
organic_carbon, ug C/m3, Artifact=negative
numflag organic_carbon, no unit, Artifact=negative
organic_carbon, ug C/m3, Artifact=negative, Statistics=uncertainty
numflag organic_carbon, no unit, Artifact=negative, Statistics=uncertainty
organic_carbon, ug C/m3, Fraction=OC1
numflag organic_carbon, no unit, Fraction=OC1
organic_carbon, ug C/m3, Fraction=OC2
numflag organic_carbon, no unit, Fraction=OC2
organic_carbon, ug C/m3, Fraction=OC3
numflag organic_carbon, no unit, Fraction=OC3
organic_carbon, ug C/m3, Fraction=OC4
numflag organic_carbon, no unit, Fraction=OC4
organic_carbon, ug C/m3, Fraction=OCPyr
numflag organic_carbon, no unit, Fraction=OCPyr
organic_carbon, ug C/m3, Fraction=CC
numflag organic_carbon, no unit, Fraction=CC
elemental_carbon, ug C/m3, Fraction=CC
numflag elemental_carbon, no unit, Fraction=CC
0
78
Data definition:                         EBAS_1.1 
Set type code:                           TI 
Timezone:                                UTC 
File name:                               BE0007R.20171201000000.20180625000000.low_vol_sampler.ocec.pm10.4mo.4d.BE01L_ISSeP_lvs_be07_pm10.BE01L_ISSeP_sunset_001.lev2.nas 
Startdate:                               20171201000000
Revision date:                           20180625000000
Version:                                 1 
Version description:                     initial revision. manually inspected 
Data level:                              2 
Period code:                             4mo 
Resolution code:                         4d 
Sample duration:                         2d 
Orig. time res.:                         2d 
Station code:                            BE0007R
Platform code:                           BE0007S
Station name:                            TMNT09 Vielsalm
Station WDCA-ID:                         GAWANO__VIE 
Station GAW-Name:                        TMNT09 Vielsalm 
Station GAW-ID:                          VIE 
Station AIRS-ID:                          
Station other IDs:                        
Station state/province:                  Luxembourg 
Station land use:                        Forest 
Station setting:                         Normal 
Station GAW type:                        R
Station WMO region:                      6
Station latitude:                        50.304003
Station longitude:                       6.001271
Station altitude:                        496.0 m
Measurement latitude:                    50.304003 
Measurement longitude:                   6.001271 
Measurement altitude:                    496.0 m 
Measurement height:                      3.5 m 
Component:                               ocec 
Unit:                                    ug C/m3 
Matrix:                                  pm10 
Laboratory code:                         BE01L 
Instrument type:                         low_vol_sampler
Instrument manufacturer:                 Leckel 
Instrument model:                        SEQ47/50
Instrument name:                         ISSeP_lvs_be07_pm10 
Instrument serial number:                10-67 
Analytical laboratory code:              BE01L 
Analytical measurement technique:        thermal-optical_analysis 
Analytical instrument manufacturer:      Sunset Laboratory 
Analytical instrument model:             OCEC Lab Instrument Model 5 
Analytical instrument name:              ISSeP_sunset_001 
Analytical instrument serial number:     345-137 
Charring correction:                     By laser transmission
Standard method:                         SOP=EMEP_manual_v2014, TEMP=EUSAAR_2 
Inlet type:                              Impactor--direct 
Inlet description:                       Upward facing with rain shield 
Flow rate:                               38.3 l/min 
Filter face velocity:                    47 cm/s 
Exposed filter area:                     12.6 cm2 
Humidity/temperature control:            None
Humidity/temperature control description:filter kept at ambient conditions together with sampling head
Medium:                                  Quartz 
Filter description:                      Tissuquartz 2500 QAT-UP 47mm 
Filter prefiring:                        1123.15K, 3h 
Filter conditioning:                     None 
Sample preparation:                      None 
Blank correction:                        Not blank corrected 
Artifact correction:                     None 
Artifact correction description:         No artifact correction implemented - Based on previous campaign on same location positive sampling artefact of OC can be estimated to 20 % ± 18 % 
Detection limit expl.:                   Determined by taking 3 times standard deviation of ensemble of field blanks 
Measurement uncertainty expl.:           Measurement uncertainty includes quantifiable uncertainty
Zero/negative values code:               Zero/negative possible 
Zero/negative values:                    Zero/negative values reported as measured if within detection limit. flagged with 780 
QA1 measure ID:                          ECAC-OCEC-2016-2
QA1 date:                                20161028
QA1 document URL:                                               
Originator:                              FONSNY, Eric, fonsny@issep.be, Institut Scientifique de Service Public, ISSeP, Air quality, Rue du Chéra 200, , 4000, Liège, Belgium
Originator:                              Bergmans, Benjamin, b.bergmans@issep.be, Institut Scientifique de Service Public, ISSeP, Air quality, Rue du Chéra 200,, 4000, Liège, Belgium
Submitter:                               Bergmans, Benjamin, b.bergmans@issep.be, Institut Scientifique de Service Public, ISSeP, Air quality, Rue du Chéra 200,, 4000, Liège, Belgium
Acknowledgement:                         Request acknowledgement details from data originator 
Comment:                                                                   
start_time end_time TC TC_flag TC_uncert TC_uncert_flag EC EC_flag EC_uncert EC_uncert_flag OC OC_flag OC_uncert OC_uncert_flag OC_pos OC_pos_flag OC_uncert_pos OC_uncert_pos_flag OC_neg OC_neg_flag OC_uncert_neg OC_uncert_neg_flag OC_peak1 OC_peak1_flag OC_peak2 OC_peak2_flag OC_peak3 OC_peak3_flag OC_peak4 OC_peak4_flag OC_Pyr OC_Pyr_flag OC_CC OC_CC_flag EC_CC EC_CC_flag
0.000000 2.000000 1.900 0.000000000 0.118 0.000000000 0.168 0.000000000 0.020 0.000000000 1.732 0.000000000 0.098 0.000000000 9.999 0.999000000 9.999 0.999000000 9.999 0.999000000 9.999 0.999000000 0.200 0.000000000 0.366 0.000000000 0.196 0.000000000 0.563 0.000000000 0.407 0.000000000 9.999 0.999000000 9.999 0.999000000
4.000000 6.000000 2.198 0.000000000 0.133 0.000000000 0.190 0.000000000 0.021 0.000000000 2.008 0.000000000 0.112 0.000000000 9.999 0.999000000 9.999 0.999000000 9.999 0.999000000 9.999 0.999000000 0.197 0.000000000 0.425 0.000000000 0.380 0.000000000 0.666 0.000000000 0.340 0.000000000 9.999 0.999000000 9.999 0.999000000
8.000000 10.000000 1.088 0.000000000 0.077 0.000000000 0.134 0.000000000 0.018 0.000000000 0.954 0.000000000 0.059 0.000000000 9.999 0.999000000 9.999 0.999000000 9.999 0.999000000 9.999 0.999000000 0.089 0.000000000 0.220 0.000000000 0.266 0.000000000 0.387 0.000000000 -0.009 0.147000000 9.999 0.999000000 9.999 0.999000000
12.000000 14.000000 0.706 0.000000000 0.058 0.000000000 0.088 0.147000000 0.016 0.000000000 0.618 0.000000000 0.042 0.000000000 9.999 0.999000000 9.999 0.999000000 9.999 0.999000000 9.999 0.999000000 0.066 0.000000000 0.159 0.000000000 0.167 0.000000000 0.217 0.000000000 0.010 0.000000000 9.999 0.999000000 9.999 0.999000000
16.000000 18.000000 0.948 0.000000000 0.070 0.000000000 0.116 0.000000000 0.017 0.000000000 0.832 0.000000000 0.053 0.000000000 9.999 0.999000000 9.999 0.999000000 9.999 0.999000000 9.999 0.999000000 0.084 0.000000000 0.186 0.000000000 0.171 0.000000000 0.282 0.000000000 0.110 0.000000000 9.999 0.999000000 9.999 0.999000000
20.000000 22.000000 1.095 0.000000000 0.077 0.000000000 0.186 0.000000000 0.021 0.000000000 0.908 0.000000000 0.057 0.000000000 9.999 0.999000000 9.999 0.999000000 9.999 0.999000000 9.999 0.999000000 0.070 0.000000000 0.198 0.000000000 0.210 0.000000000 0.228 0.000000000 0.202 0.000000000 9.999 0.999000000 9.999 0.999000000
24.000000 26.000000 0.830 0.000000000 0.064 0.000000000 0.067 0.147000000 0.015 0.000000000 0.762 0.000000000 0.050 0.000000000 9.999 0.999000000 9.999 0.999000000 9.999 0.999000000 9.999 0.999000000 0.064 0.000000000 0.170 0.000000000 0.234 0.000000000 0.246 0.000000000 0.048 0.000000000 9.999 0.999000000 9.999 0.999000000
28.000000 30.000000 0.754 0.000000000 0.060 0.000000000 0.078 0.147000000 0.015 0.000000000 0.676 0.000000000 0.045 0.000000000 9.999 0.999000000 9.999 0.999000000 9.999 0.999000000 9.999 0.999000000 0.059 0.000000000 0.177 0.000000000 0.187 0.000000000 0.258 0.000000000 -0.005 0.147000000 9.999 0.999000000 9.999 0.999000000
32.000000 34.000000 0.580 0.000000000 0.052 0.000000000 0.067 0.147000000 0.015 0.000000000 0.513 0.000000000 0.037 0.000000000 9.999 0.999000000 9.999 0.999000000 9.999 0.999000000 9.999 0.999000000 0.035 0.000000000 0.109 0.000000000 0.171 0.000000000 0.210 0.000000000 -0.013 0.147000000 9.999 0.999000000 9.999 0.999000000
36.000000 38.000000 1.435 0.000000000 0.095 0.000000000 0.150 0.000000000 0.019 0.000000000 1.285 0.000000000 0.076 0.000000000 9.999 0.999000000 9.999 0.999000000 9.999 0.999000000 9.999 0.999000000 0.108 0.000000000 0.286 0.000000000 0.290 0.000000000 0.469 0.000000000 0.131 0.000000000 9.999 0.999000000 9.999 0.999000000
40.000000 42.000000 1.458 0.000000000 0.096 0.000000000 0.148 0.000000000 0.019 0.000000000 1.310 0.000000000 0.077 0.000000000 9.999 0.999000000 9.999 0.999000000 9.999 0.999000000 9.999 0.999000000 0.114 0.000000000 0.288 0.000000000 0.323 0.000000000 0.438 0.000000000 0.146 0.000000000 9.999 0.999000000 9.999 0.999000000
44.000000 46.000000 2.539 0.000000000 0.150 0.000000000 0.152 0.000000000 0.019 0.000000000 2.387 0.000000000 0.131 0.000000000 9.999 0.999000000 9.999 0.999000000 9.999 0.999000000 9.999 0.999000000 0.213 0.000000000 0.488 0.000000000 0.309 0.000000000 0.745 0.000000000 0.631 0.000000000 9.999 0.999000000 9.999 0.999000000
48.000000 50.000000 0.980 0.000000000 0.072 0.000000000 0.116 0.000000000 0.017 0.000000000 0.864 0.000000000 0.055 0.000000000 9.999 0.999000000 9.999 0.999000000 9.999 0.999000000 9.999 0.999000000 0.101 0.000000000 0.238 0.000000000 0.241 0.000000000 0.308 0.000000000 -0.024 0.147000000 9.999 0.999000000 9.999 0.999000000
52.000000 54.000000 1.121 0.000000000 0.079 0.000000000 0.170 0.000000000 0.020 0.000000000 0.951 0.000000000 0.059 0.000000000 9.999 0.999000000 9.999 0.999000000 9.999 0.999000000 9.999 0.999000000 0.088 0.000000000 0.212 0.000000000 0.281 0.000000000 0.358 0.000000000 0.012 0.000000000 9.999 0.999000000 9.999 0.999000000
56.000000 58.000000 1.608 0.000000000 0.103 0.000000000 0.145 0.000000000 0.019 0.000000000 1.463 0.000000000 0.085 0.000000000 9.999 0.999000000 9.999 0.999000000 9.999 0.999000000 9.999 0.999000000 0.142 0.000000000 0.294 0.000000000 0.366 0.000000000 0.532 0.000000000 0.129 0.000000000 9.999 0.999000000 9.999 0.999000000
60.000000 62.000000 0.820 0.000000000 0.064 0.000000000 0.091 0.147000000 0.016 0.000000000 0.729 0.000000000 0.048 0.000000000 9.999 0.999000000 9.999 0.999000000 9.999 0.999000000 9.999 0.999000000 0.075 0.000000000 0.155 0.000000000 0.216 0.000000000 0.242 0.000000000 0.041 0.000000000 9.999 0.999000000 9.999 0.999000000
64.000000 66.000000 1.272 0.000000000 0.086 0.000000000 0.106 0.000000000 0.017 0.000000000 1.166 0.000000000 0.070 0.000000000 9.999 0.999000000 9.999 0.999000000 9.999 0.999000000 9.999 0.999000000 0.134 0.000000000 0.252 0.000000000 0.166 0.000000000 0.394 0.000000000 0.220 0.000000000 9.999 0.999000000 9.999 0.999000000
68.000000 70.000000 4.185 0.000000000 0.232 0.000000000 0.253 0.000000000 0.024 0.000000000 3.931 0.000000000 0.208 0.000000000 9.999 0.999000000 9.999 0.999000000 9.999 0.999000000 9.999 0.999000000 0.414 0.000000000 0.778 0.000000000 0.386 0.000000000 1.496 0.000000000 0.857 0.000000000 9.999 0.999000000 9.999 0.999000000
72.000000 74.000000 0.874 0.000000000 0.066 0.000000000 0.096 0.147000000 0.016 0.000000000 0.778 0.000000000 0.050 0.000000000 9.999 0.999000000 9.999 0.999000000 9.999 0.999000000 9.999 0.999000000 0.096 0.000000000 0.188 0.000000000 0.193 0.000000000 0.305 0.000000000 -0.005 0.147000000 9.999 0.999000000 9.999 0.999000000
76.000000 78.000000 1.607 0.000000000 0.103 0.000000000 0.179 0.000000000 0.020 0.000000000 1.428 0.000000000 0.083 0.000000000 9.999 0.999000000 9.999 0.999000000 9.999 0.999000000 9.999 0.999000000 0.150 0.000000000 0.337 0.000000000 0.384 0.000000000 0.534 0.000000000 0.023 0.000000000 9.999 0.999000000 9.999 0.999000000
78.000000 80.000000 5.698 0.000000000 0.308 0.000000000 0.399 0.000000000 0.031 0.000000000 5.299 0.000000000 0.276 0.000000000 9.999 0.999000000 9.999 0.999000000 9.999 0.999000000 9.999 0.999000000 0.504 0.000000000 1.489 0.000000000 1.044 0.000000000 1.698 0.000000000 0.565 0.000000000 9.999 0.999000000 9.999 0.999000000
80.000000 82.000000 4.944 0.000000000 0.270 0.000000000 0.332 0.000000000 0.028 0.000000000 4.611 0.000000000 0.242 0.000000000 9.999 0.999000000 9.999 0.999000000 9.999 0.999000000 9.999 0.999000000 0.420 0.000000000 1.016 0.000000000 0.596 0.000000000 1.780 0.000000000 0.800 0.000000000 9.999 0.999000000 9.999 0.999000000
82.000000 84.000000 4.625 0.000000000 0.254 0.000000000 0.266 0.000000000 0.025 0.000000000 4.359 0.000000000 0.229 0.000000000 9.999 0.999000000 9.999 0.999000000 9.999 0.999000000 9.999 0.999000000 0.357 0.000000000 0.828 0.000000000 0.489 0.000000000 1.676 0.000000000 1.009 0.000000000 9.999 0.999000000 9.999 0.999000000
84.000000 86.000000 2.888 0.000000000 0.167 0.000000000 0.282 0.000000000 0.025 0.000000000 2.606 0.000000000 0.142 0.000000000 9.999 0.999000000 9.999 0.999000000 9.999 0.999000000 9.999 0.999000000 0.194 0.000000000 0.485 0.000000000 0.431 0.000000000 1.169 0.000000000 0.326 0.000000000 9.999 0.999000000 9.999 0.999000000
88.000000 90.000000 3.376 0.000000000 0.192 0.000000000 0.317 0.000000000 0.027 0.000000000 3.059 0.000000000 0.164 0.000000000 9.999 0.999000000 9.999 0.999000000 9.999 0.999000000 9.999 0.999000000 0.241 0.000000000 0.536 0.000000000 0.553 0.000000000 1.448 0.000000000 0.281 0.000000000 9.999 0.999000000 9.999 0.999000000
92.000000 94.000000 3.868 0.000000000 0.216 0.000000000 0.265 0.000000000 0.025 0.000000000 3.603 0.000000000 0.192 0.000000000 9.999 0.999000000 9.999 0.999000000 9.999 0.999000000 9.999 0.999000000 0.300 0.000000000 0.695 0.000000000 0.566 0.000000000 1.524 0.000000000 0.518 0.000000000 9.999 0.999000000 9.999 0.999000000
96.000000 98.000000 1.374 0.000000000 0.091 0.000000000 0.088 0.147000000 0.016 0.000000000 1.286 0.000000000 0.076 0.000000000 9.999 0.999000000 9.999 0.999000000 9.999 0.999000000 9.999 0.999000000 0.167 0.000000000 0.290 0.000000000 0.299 0.000000000 0.430 0.000000000 0.101 0.000000000 9.999 0.999000000 9.999 0.999000000
100.000000 102.000000 1.087 0.000000000 0.077 0.000000000 0.084 0.147000000 0.016 0.000000000 1.003 0.000000000 0.062 0.000000000 9.999 0.999000000 9.999 0.999000000 9.999 0.999000000 9.999 0.999000000 0.075 0.000000000 0.213 0.000000000 0.273 0.000000000 0.313 0.000000000 0.130 0.000000000 9.999 0.999000000 9.999 0.999000000
104.000000 106.000000 1.302 0.000000000 0.088 0.000000000 0.147 0.000000000 0.019 0.000000000 1.155 0.000000000 0.069 0.000000000 9.999 0.999000000 9.999 0.999000000 9.999 0.999000000 9.999 0.999000000 0.108 0.000000000 0.238 0.000000000 0.264 0.000000000 0.403 0.000000000 0.142 0.000000000 9.999 0.999000000 9.999 0.999000000
108.000000 110.000000 2.706 0.000000000 0.158 0.000000000 0.259 0.000000000 0.024 0.000000000 2.447 0.000000000 0.134 0.000000000 9.999 0.999000000 9.999 0.999000000 9.999 0.999000000 9.999 0.999000000 0.202 0.000000000 0.469 0.000000000 0.474 0.000000000 1.042 0.000000000 0.259 0.000000000 9.999 0.999000000 9.999 0.999000000
112.000000 114.000000 1.335 0.000000000 0.090 0.000000000 0.100 0.000000000 0.016 0.000000000 1.235 0.000000000 0.073 0.000000000 9.999 0.999000000 9.999 0.999000000 9.999 0.999000000 9.999 0.999000000 0.139 0.000000000 0.271 0.000000000 0.202 0.000000000 0.393 0.000000000 0.230 0.000000000 9.999 0.999000000 9.999 0.999000000
116.000000 118.000000 1.343 0.000000000 0.090 0.000000000 0.104 0.000000000 0.017 0.000000000 1.239 0.000000000 0.073 0.000000000 9.999 0.999000000 9.999 0.999000000 9.999 0.999000000 9.999 0.999000000 0.154 0.000000000 0.298 0.000000000 0.283 0.000000000 0.376 0.000000000 0.128 0.000000000 9.999 0.999000000 9.999 0.999000000
120.000000 122.000000 1.601 0.000000000 0.103 0.000000000 0.082 0.147000000 0.015 0.000000000 1.520 0.000000000 0.087 0.000000000 9.999 0.999000000 9.999 0.999000000 9.999 0.999000000 9.999 0.999000000 0.172 0.000000000 0.347 0.000000000 0.310 0.000000000 0.485 0.000000000 0.205 0.000000000 9.999 0.999000000 9.999 0.999000000
