ebas_test_data/BE0007R.20171201000000.20180625000000.GC_MS_MS.levo.pm10.4mo.4d.ISSeP_TSQ.CWEA_A_III_1_v1.lev2.nas
102 1001 
Bergmans, Benjamin; Mois, Eric
BE01L, Institut Scientifique de Service Public, ISSeP, Air quality, Rue du Chéra 200,, 4000, Liège, Belgium
Bergmans, Benjamin; Lenartz, Fabian
ACTRIS GAW-WDCA COLOSSAL CAMPAIGN
1 1
2017 12 01 2018 06 25
0
days from file reference point
13
1 1 1 1 1 1 1 1 1 1 1 1 1 
999 999.999 9.999 999.999 9.999 99.999 9.999 99.999 9.999 99.999 9.999 99.999 9.999
end_time of measurement, days from the file reference point
levoglucosan, ng/m3, Detection limit= 1 ng/m3 
numflag levoglucosan, no unit
levoglucosan, ng/m3, Statistics=uncertainty
numflag levoglucosan, no unit, Statistics=uncertainty
mannosan, ng/m3, Detection limit= 1 ng/m3 
numflag mannosan, no unit
mannosan, ng/m3, Statistics=uncertainty
numflag mannosan, no unit, Statistics=uncertainty
galactosan, ng/m3, Detection limit= 1 ng/m3 
numflag galactosan, no unit
galactosan, ng/m3, Statistics=uncertainty
numflag galactosan, no unit, Statistics=uncertainty
0
75
Data definition:                         EBAS_1.1 
Set type code:                           TI 
Timezone:                                UTC 
File name:                               BE0007R.20171201000000.20180625000000.GC_MS_MS.levo.pm10.4mo.4d.ISSeP_TSQ.CWEA_A_III_1_v1.lev2.nas 
Startdate:                               20171201000000
Revision date:                           20180625000000
Version:                                 1 
Version description:                     initial revision. manually inspected 
Data level:                              2 
Period code:                             4mo 
Resolution code:                         4d 
Sample duration:                         2d 
Orig. time res.:                         2d 
Station code:                            BE0007R
Platform code:                           BE0007S
Station name:                            TMNT09 Vielsalm
Station WDCA-ID:                         GAWANO__VIE 
Station GAW-Name:                        TMNT09 Vielsalm 
Station GAW-ID:                          VIE 
Station AIRS-ID:                          
Station other IDs:                        
Station state/province:                  Luxembourg 
Station land use:                        Forest 
Station setting:                         Normal 
Station GAW type:                        R
Station WMO region:                      6
Station latitude:                        50.304003
Station longitude:                       6.001271
Station altitude:                        496.0 m
Measurement latitude:                    50.304003 
Measurement longitude:                   6.001271 
Measurement altitude:                    496.0 m 
Measurement height:                      3.5 m 
Component:                               levoglucosan
Unit:                                    ng/m3 
Matrix:                                  pm10 
Laboratory code:                         BE01L 
Instrument type:                         low_vol_sampler
Instrument manufacturer:                 Leckel 
Instrument model:                        SEQ47/50 
Instrument name:                         ISSeP_lvs_be07_pm10 
Instrument serial number:                10-67 
Analytical laboratory code:              BE01L 
Analytical measurement technique:        GC-MS 
Analytical instrument manufacturer:      Thermo
Analytical instrument model:             TSQ 8000 EVO
Analytical instrument name:              ISSeP_TSQ_EQ1_MP_15_7 
Analytical instrument serial number:     TSQ8150412
Standard method:                         CWEA-A-III-1-v1
Inlet type:                              Impactor--direct 
Inlet description:                       Upward facing with rain shield 
Flow rate:                               38.3 l/min 
Filter face velocity:                    47 cm/s 
Exposed filter area:                     12.6 cm2 
Humidity/temperature control:            None
Humidity/temperature control description:filter kept at ambient conditions together with sampling head
Medium:                                  Quartz 
Filter description:                      Tissuquartz 2500 QAT-UP 47mm 
Filter prefiring:                        1123.15 K, 3 h  
Filter conditioning:                     None 
Sample preparation:                      None 
Blank correction:                        Not blank corrected 
Detection limit expl.:                   Determined by taking 3 times standard deviation of ensemble of field blanks 
Measurement uncertainty expl.:           Measurement uncertainty includes quantifiable uncertainty
Zero/negative values code:               Zero/negative possible 
Zero/negative values:                    Zero/negative values reported as measured if within detection limit. flagged with 780 
QA1 measure ID:                          ACTRIS-LEVO-2018-1
QA1 date:                                20180323
QA1 document URL:                                               
Originator:                              Mois, Eric, E.MOIS@issep.be, Institut Scientifique de Service Public, ISSeP, Air quality, Rue du Chéra 200,, 4000, Liège, Belgium
Originator:                              Bergmans, Benjamin, b.bergmans@issep.be, Institut Scientifique de Service Public, ISSeP, Air quality, Rue du Chéra 200,, 4000, Liège, Belgium
Submitter:                               Bergmans, Benjamin, b.bergmans@issep.be, Institut Scientifique de Service Public, ISSeP, Air quality, Rue du Chéra 200,, 4000, Liège, Belgium
Acknowledgement:                         Request acknowledgement details from data originator 
Comment:                           
start_time end_time	Levo	Levo_flag Levo_uncert	Levo_uncert_flag Manno	Manno_flag Manno_uncert Manno_uncert_flag Galac Galac_flag Galac_uncert Galac_uncert_flag
0	2	117.628	0.000	30.583	0.000	20.801	0.000	5.408	0.000	5.226	0.000	1.359	0.000
4	6	128.331	0.000	33.366	0.000	15.862	0.000	4.124	0.000	5.310	0.000	1.380	0.000
8	10	66.236		0.000	17.221	0.000	8.095	0.000	2.105	0.000	2.933	0.000	0.763	0.000
12	14	36.085		0.000	 9.382	0.000	4.482	0.000	1.165	0.000	1.430	0.000	0.372	0.000
16	18	48.346		0.000	12.570	0.000	7.831	0.000	2.036	0.000	2.135	0.000	0.555	0.000
20	22	50.951		0.000	13.247	0.000	7.362	0.000	1.914	0.000	1.888	0.000	0.491	0.000
24	26	38.574		0.000	10.029	0.000	4.147	0.000	1.078	0.000	1.631	0.000	0.424	0.000
28	30	48.403		0.000	12.585	0.000	7.322	0.000	1.904	0.000	2.000	0.000	0.520	0.000
32	34	30.298		0.000	 7.877	0.000	5.933	0.000	1.543	0.000	1.384	0.000	0.360	0.000
36	38	99.998		0.000	25.999	0.000	18.151	0.000	4.719	0.000	4.615	0.000	1.200	0.000
40	42	90.579		0.000	23.551	0.000	14.897	0.000	3.873	0.000	4.410	0.000	1.147	0.000
44	46	143.720	0.000	37.367	0.000	26.867	0.000	6.985	0.000	7.621	0.000	1.981	0.000
48	50	44.034		0.000	11.449	0.000	8.142	0.000	2.117	0.000	2.305	0.000	0.599	0.000
52	54	57.130		0.000	14.854	0.000	8.767	0.000	2.279	0.000	2.768	0.000	0.720	0.000
56	58	101.751	0.000	26.455	0.000	12.684	0.000	3.298	0.000	4.369	0.000	1.136	0.000
60	62	35.855		0.000	 9.322	0.000	7.297	0.000	1.897	0.000	1.966	0.000	0.511	0.000
64	66	89.030		0.000	23.148	0.000	12.133	0.000	3.155	0.000	4.250	0.000	1.105	0.000
68	70	185.931	0.000	48.342	0.000	25.480	0.000	6.625	0.000	9.442	0.000	2.455	0.000
72	74	56.975		0.000	14.814	0.000	9.046	0.000	2.352	0.000	2.768	0.000	0.720	0.000
76	78	105.734	0.000	27.491	0.000	14.262	0.000	3.708	0.000	4.559	0.000	1.185	0.000
78	80	404.721	0.000  105.227	0.000	71.631	0.000	18.624	0.000	32.893	0.000	8.552	0.000
80	82	298.636	0.000	77.645	0.000	47.091	0.000	12.244	0.000	18.755	0.000	4.876	0.000
82	84	171.536	0.000	44.599	0.000	28.283	0.000	7.354	0.000	10.537	0.000	2.740	0.000
84	86	73.454		0.000	19.098	0.000	11.526	0.000	2.997	0.000	4.142	0.000	1.077	0.000
88	90	78.496		0.000	20.409	0.000	12.062	0.000	3.136	0.000	4.451	0.000	1.157	0.000
92	94	171.225	0.000	44.518	0.000	17.810	0.000	4.631	0.000	7.009	0.000	1.822	0.000
96	98	17.844		0.000	 4.639	0.000	2.634	0.000	0.685	0.000	0.803	0.000	0.209	0.000
100	102	41.367		0.000	10.756	0.000	4.368	0.000	1.136	0.000	1.646	0.000	0.428	0.000
104	106	50.502		0.000	13.131	0.000	7.404	0.000	1.925	0.000	2.578	0.000	0.670	0.000
108	110	67.672		0.000	17.595	0.000	11.270	0.000	2.930	0.000	3.973	0.000	1.033	0.000
112	114	46.844		0.000	12.179	0.000	6.746	0.000	1.754	0.000	2.696	0.000	0.701	0.000
116	118	40.044		0.000	10.411	0.000	5.177	0.000	1.346	0.000	2.491	0.000	0.648	0.000
120	122	59.057		0.000	15.355	0.000	8.738	0.000	2.272	0.000	4.189	0.000	1.089	0.000
