ebas_test_data/CY0002R.20171130220000.20191202000000.high_vol_sampler.levoglucosan.pm10.1mo.1d.CY05L_DLI_hvs_pm10.CY05L_None.lev2.nas
93 1001
Oikonomou, Konstantina; Pikridas, Michael
CY05L, The Cyprus Institute, CyI-EEWRC, Energy Environment and Water Research Center, 20 Konstantinou Kavafi Street, 2121 Aglantzia, , Nicosia, Cyprus
Pikridas, Michael
GAW-WDCA COLOSSAL CAMPAIGN EMEP
1 1
2017 12 01 2019 12 02
1
days from file reference point
7
 1 1 1 1 1 1 1
999.999999 999.99 9.999999999 999.99 9.999999999 999.99 9.999999999 
end_time of measurement, days from the file reference point
levoglucosan, ng/m3, Detection limit=0.3 ng/m3, QA1 measure ID=Levoglucosan 2009, QA1 date=20090401
numflag levoglucosan, no unit
mannosan, ng/m3, Detection limit=0.3 ng/m3
numflag mannosan, no unit
galactosan, ng/m3, Detection limit=0.3 ng/m3
numflag galactosan, no unit
0
72
Data definition:              EBAS_1.1
Set type code:                TI
Timezone:                     UTC
File name:                    CY0002R.20171130220000.20191202000000.high_vol_sampler.levoglucosan.pm10.1mo.1d.CY05L_DLI_hvs_pm10.CY05L_None.lev2.nas
Startdate:                    20171130220000
Revision date:                20191202000000
Version:                      1
Version description:          initial revision, manually inspected
Data level:                   2
Period code:                  1mo
Resolution code:              1d
Sample duration:              1d
Orig. time res.:              1d
Station code:                 CY0002R
Platform code:                CY0002S
Station name:                 CAO-AMX
Station WDCA-ID:              
Station GAW-Name:             Cyprus Atmospheric Observatory
Station GAW-ID:               CYP
Station AIRS-ID:             
Station other IDs:            
Station state/province:      
Station land use:             Forest
Station setting:              Rural
Station GAW type:             R
Station WMO region:           6
Station latitude:             35.04
Station longitude:            33.06
Station altitude:             532m
Measurement altitude:         532m
Measurement height:           4m
Component:                    levoglucosan
Unit:                         ng/m3
Matrix:                       pm10
Laboratory code:              CY05L
Instrument type:              high_vol_sampler 
Instrument manufacturer:      DIGITEL
Instrument model:             DHA-80
Instrument name:              DLI_hvs_pm10
Instrument serial number:     
Analytical laboratory code:   CY05L
Analytical measurement technique: IC-PAD
Analytical instrument manufacturer: Thermo Scientific
Analytical instrument model:  ICS-3000
Analytical instrument name:   None
Analytical instrument serial number:  
Standard method:              
Inlet type:                   Impactor--direct
Inlet description:            Downward facing
Flow rate:                    500 l/min
Humidity/temperature control: None
Humidity/temperature control description: None
Medium:                       Quartz
Coating/Solution:
Sample preparation:           Water extraction after ultrasonic treatment
Blank correction:             Blank corrected
Volume std. temperature:      ambient
Volume std. pressure:         ambient
Detection limit:              0.3 ng/m3
Detection limit expl.:        Limit of Quantification (lower point of calibration = 0.5 ppb)
Zero/negative values code:    Zero possible
Zero/negative values:         values = 0
QA1 measure ID:               
QA1 date:                     
QA1 outcome:                 
QA1 bias:             
QA1 variability:              
Originator:                              Oikonomou, Konstantina, k.oikonomou@cyi.ac.cy, The Cyprus Institute,,, 20 Kavafi street, 2121 Aglantzia,, Nicosia, Cyprus
Submitter:                               Pikridas, Michael, m.pikridas@cyi.ac.cy, The Cyprus Institute,,, 20 Kavafi street, 2121 Aglantzia,, Nicosia, Cyprus
Acknowledgement:                         Request acknowledgement details from data originator 
Comment:                      
starttime endtime levoglucosan numflag_levoglucosan manosan numflag_manosan galactosan numflag_galactosan 
-0.083333	0.916667	4.45	0.000000000	0.00	0.000000000	0.00	0.000000000
0.916667	1.916667	22.65	0.000000000	1.76	0.000000000	0.00	0.000000000
1.916667	2.916667	6.76	0.000000000	0.74	0.000000000	0.00	0.000000000
2.916667	3.916667	13.72	0.000000000	1.22	0.000000000	0.81	0.000000000
3.916667	4.916667	6.93	0.000000000	0.00	0.000000000	0.00	0.000000000
4.916667	5.916667	13.17	0.000000000	2.24	0.000000000	0.00	0.000000000
5.916667	6.916667	24.19	0.000000000	7.15	0.000000000	3.02	0.000000000
6.916667	7.916667	8.86	0.000000000	1.03	0.000000000	0.00	0.000000000
7.916667	8.916667	6.31	0.000000000	0.80	0.000000000	0.00	0.000000000
8.916667	9.916667	13.01	0.000000000	1.33	0.000000000	0.00	0.000000000
9.916667	10.916667	11.34	0.000000000	1.10	0.000000000	0.00	0.000000000
10.916667	11.916667	21.28	0.000000000	1.20	0.000000000	1.36	0.000000000
11.916667	12.916667	15.23	0.000000000	0.95	0.000000000	0.00	0.000000000
12.916667	13.916667	8.01	0.000000000	1.67	0.000000000	0.00	0.000000000
13.916667	14.916667	7.55	0.000000000	1.75	0.000000000	0.00	0.000000000
14.916667	15.916667	17.44	0.000000000	2.55	0.000000000	1.79	0.000000000
15.916667	16.916667	12.60	0.000000000	1.88	0.000000000	0.00	0.000000000
16.916667	17.916667	10.17	0.000000000	1.53	0.000000000	0.00	0.000000000
17.916667	18.916667	9.14	0.000000000	1.70	0.000000000	0.94	0.000000000
18.916667	19.916667	19.69	0.000000000	2.03	0.000000000	1.59	0.000000000
19.916667	20.916667	18.53	0.000000000	1.22	0.000000000	0.99	0.000000000
20.916667	21.916667	38.81	0.000000000	3.56	0.000000000	1.53	0.000000000
21.916667	22.916667	15.44	0.000000000	1.20	0.000000000	0.00	0.000000000
22.916667	23.916667	10.32	0.000000000	1.57	0.000000000	0.96	0.000000000
23.916667	24.916667	9.38	0.000000000	1.84	0.000000000	0.89	0.000000000
24.916667	25.916667	8.75	0.000000000	1.32	0.000000000	0.00	0.000000000
25.916667	26.916667	20.94	0.000000000	2.60	0.000000000	0.00	0.000000000
26.916667	27.916667	15.79	0.000000000	1.67	0.000000000	1.21	0.000000000
27.916667	28.916667	8.97	0.000000000	0.77	0.000000000	0.00	0.000000000
28.916667	29.916667	4.88	0.000000000	0.47	0.000000000	0.00	0.000000000
29.916667	30.916667	14.38	0.000000000	2.17	0.000000000	1.39	0.000000000
30.916667	31.916667	999.99	0.999000000	999.99	0.999000000	999.99	0.999000000
31.916667	32.916667	999.99	0.999000000	999.99	0.999000000	999.99	0.999000000
32.916667	33.916667	999.99	0.999000000	999.99	0.999000000	999.99	0.999000000
33.916667	34.916667	999.99	0.999000000	999.99	0.999000000	999.99	0.999000000
34.916667	35.916667	999.99	0.999000000	999.99	0.999000000	999.99	0.999000000
35.916667	36.916667	999.99	0.999000000	999.99	0.999000000	999.99	0.999000000
36.916667	37.916667	999.99	0.999000000	999.99	0.999000000	999.99	0.999000000
37.916667	38.916667	999.99	0.999000000	999.99	0.999000000	999.99	0.999000000
38.916667	39.916667	999.99	0.999000000	999.99	0.999000000	999.99	0.999000000
39.916667	40.916667	999.99	0.999000000	999.99	0.999000000	999.99	0.999000000
40.916667	41.916667	999.99	0.999000000	999.99	0.999000000	999.99	0.999000000
41.916667	42.916667	999.99	0.999000000	999.99	0.999000000	999.99	0.999000000
42.916667	43.916667	999.99	0.999000000	999.99	0.999000000	999.99	0.999000000
43.916667	44.916667	999.99	0.999000000	999.99	0.999000000	999.99	0.999000000
44.916667	45.916667	999.99	0.999000000	999.99	0.999000000	999.99	0.999000000
45.916667	46.916667	999.99	0.999000000	999.99	0.999000000	999.99	0.999000000
46.916667	47.916667	999.99	0.999000000	999.99	0.999000000	999.99	0.999000000
47.916667	48.916667	999.99	0.999000000	999.99	0.999000000	999.99	0.999000000
48.916667	49.916667	999.99	0.999000000	999.99	0.999000000	999.99	0.999000000
49.916667	50.916667	999.99	0.999000000	999.99	0.999000000	999.99	0.999000000
50.916667	51.916667	999.99	0.999000000	999.99	0.999000000	999.99	0.999000000
51.916667	52.916667	999.99	0.999000000	999.99	0.999000000	999.99	0.999000000
52.916667	53.916667	999.99	0.999000000	999.99	0.999000000	999.99	0.999000000
53.916667	54.916667	999.99	0.999000000	999.99	0.999000000	999.99	0.999000000
54.916667	55.916667	999.99	0.999000000	999.99	0.999000000	999.99	0.999000000
55.916667	56.916667	999.99	0.999000000	999.99	0.999000000	999.99	0.999000000
56.916667	57.916667	999.99	0.999000000	999.99	0.999000000	999.99	0.999000000
57.916667	58.916667	999.99	0.999000000	999.99	0.999000000	999.99	0.999000000
58.916667	59.916667	999.99	0.999000000	999.99	0.999000000	999.99	0.999000000
59.916667	60.916667	999.99	0.999000000	999.99	0.999000000	999.99	0.999000000
60.916667	61.916667	999.99	0.999000000	999.99	0.999000000	999.99	0.999000000
61.916667	62.916667	999.99	0.999000000	999.99	0.999000000	999.99	0.999000000
62.916667	63.916667	999.99	0.999000000	999.99	0.999000000	999.99	0.999000000
63.916667	64.916667	999.99	0.999000000	999.99	0.999000000	999.99	0.999000000
64.916667	65.916667	999.99	0.999000000	999.99	0.999000000	999.99	0.999000000
65.916667	66.916667	999.99	0.999000000	999.99	0.999000000	999.99	0.999000000
66.916667	67.916667	999.99	0.999000000	999.99	0.999000000	999.99	0.999000000
67.916667	68.916667	999.99	0.999000000	999.99	0.999000000	999.99	0.999000000
68.916667	69.916667	999.99	0.999000000	999.99	0.999000000	999.99	0.999000000
69.916667	70.916667	999.99	0.999000000	999.99	0.999000000	999.99	0.999000000
70.916667	71.916667	999.99	0.999000000	999.99	0.999000000	999.99	0.999000000
71.916667	72.916667	999.99	0.999000000	999.99	0.999000000	999.99	0.999000000
72.916667	73.916667	999.99	0.999000000	999.99	0.999000000	999.99	0.999000000
73.916667	74.916667	999.99	0.999000000	999.99	0.999000000	999.99	0.999000000
74.916667	75.916667	999.99	0.999000000	999.99	0.999000000	999.99	0.999000000
75.916667	76.916667	999.99	0.999000000	999.99	0.999000000	999.99	0.999000000
