ebas_test_data/CY0002R.20171201000000.20191124163500.high_vol_sampler.oc_ec_tc.pm10.3mo.1d.CY05L_DLI_hvs_pm10..lev2.nas
106 1001 
Sciare, Jean; Oikonomou, Konstantina; Pikridas, Michael
CY05L, The Cyprus Institute, CyI-EEWRC, Energy Environment and Water Research Center, 20 Konstantinou Kavafi Street, "2121, Aglantzia", , Nicosia, Cyprus
Pikridas, Michael
EMEP GAW-WDCA COLOSSAL CAMPAIGN
1 1
2017 12 01 2019 11 24
1
days from file reference point
13
1 1 1 1 1 1 1 1 1 1 1 1 1
9999.999999 99.999 9.999999999 99.999 9.999999999 99.999 9.999999999 99.999 9.999999999 99.999 9.999999999 99.999 9.999999999
end_time of measurement, days from the file reference point
total_carbon, ug C/m3, QA1 bias=4%, QA1 variability=4%, Detection limit=0.02 ug C/m3
numflag total_carbon, no unit
total_carbon, ug C/m3, Statistics=uncertainty
numflag total_carbon, no unit, Statistics=uncertainty
elemental_carbon, ug C/m3, QA1 bias=10%, QA1 variability=15%, Detection limit=0.02 ug C/m3
numflag elemental_carbon, no unit
elemental_carbon, ug C/m3, Statistics=uncertainty
numflag elemental_carbon, no unit, Statistics=uncertainty
organic_carbon, ug C/m3, QA1 bias=5%, QA1 variability=6%, Detection limit=0.02 ug C/m3
numflag organic_carbon, no unit
organic_carbon, ug C/m3, Statistics=uncertainty
numflag organic_carbon, no unit, Statistics=uncertainty
0
79
Data definition:                         EBAS_1.1 
Set type code:                           TU 
Timezone:                                UTC
File name:                               CY0002R.20171201000000.20191124163500.high_vol_sampler.oc_ec_tc.pm10.3mo.1d.CY05L_DLI_hvs_pm10..lev2.nas 
Startdate:                               20171201000000 
Revision date:                           20191124163500 
Version:                                 1 
Version description:                     initial revision, manually inspected 
Data level:                              2 
Period code:                             3mo 
Resolution code:                         1d 
Sample duration:                         1d 
Orig. time res.:                         1d 
Station code:                            CY0002R 
Platform code:                           CY0002S 
Station name:                             
Station WDCA-ID:                         CAO 
Station GAW-Name:                        Cyprus Atmospheric Observatory 
Station GAW-ID:                          CYP 
Station AIRS-ID:                          
Station other IDs:                       
Station state/province:                   
Station land use:                        Forest 
Station setting:                         Rural 
Station GAW type:                        R 
Station WMO region:                      6 
Station latitude:                        35.04 
Station longitude:                       33.06 
Station altitude:                        532m 
Measurement latitude:                    35.04  
Measurement longitude:                   33.06 
Measurement altitude:                    532m 
Measurement height:                      3m 
Component:                               oc_ec_tc 
Unit:                                    ug C/m3 
Matrix:                                  pm10 
Laboratory code:                         CY05L 
Instrument type:                         high_vol_sampler 
Instrument manufacturer:                 DIGITEL
Instrument model:                        DHA-80 
Instrument name:                         DLI_hvs_pm10
Instrument serial number:                
Analytical laboratory code:              CY05L 
Analytical measurement technique:        thermal-optical_analysis 
Analytical instrument manufacturer:      Sunset Laboratory 
Analytical instrument model:             OCEC_Lab_Instrument 
Analytical instrument name:               
Analytical instrument serial number:     
Charring correction:                     By laser transmission 
Standard method:                         SOP=EMEP_manual_v2014, TEMP=EUSAAR_2 
Inlet type:                              Impactor--direct 
Inlet description:                       Upward facing with rain shield 
Flow rate:                               500 l/min 
Filter face velocity:                    54.92 cm/s 
Exposed filter area:                     151.747 cm2 
Humidity/temperature control:            None 
Humidity/temperature control description:filter kept at ambient conditions together with sampling head 
Medium:                                  Quartz 
Filter description:                      Whatman
Filter prefiring:                        Not prefired
Filter conditioning:                     None
Sample preparation:                      None 
Blank correction:                        Blank corrected 
Artifact correction:                     None 
Artifact correction description:          
Volume std. temperature:                 ambient
Volume std. pressure:                    ambient
Detection limit expl.:                   Equals to 0.1µgC detected by the instrument
Measurement uncertainty expl.:           Measurement uncertainty includes quantifiable uncertainty
Zero/negative values code:               Zero possible 
Zero/negative values:                     
QA1 measure ID:                          ECAC-OCEC-2019-1
QA1 date:                                20190301
QA1 document URL:                        "http://www.actris-ecac.eu/files/ECAC-report-OCEC-2018-1.pdf"                       
Originator:                              Oikonomou, Konstantina, k.oikonomou@cyi.ac.cy, The Cyprus Institute,,, 20 Kavafi street, 2121 Aglantzia,, Nicosia, Cyprus
Submitter:                               Pikridas, Michael, m.pikridas@cyi.ac.cy, The Cyprus Institute,,, 20 Kavafi street, 2121 Aglantzia,, Nicosia, Cyprus
Acknowledgement:                         Request acknowledgement details from data originator 
Comment:                                  
start_time	end_time	TC	TC_flag	TC_uncert	TC_uncert_flag	EC	EC_flag	EC_uncert	EC_uncert_flag	OC	OC_flag	OC_uncert	OC_uncert_flag
0.000000	1.000000	0.998	0.000000000	0.116	0.000000000	0.172	0.000000000	0.019	0.000000000	0.826	0.000000000	0.103	0.000000000
1.000000	2.000000	3.199	0.000000000	0.314	0.000000000	0.673	0.000000000	0.065	0.000000000	2.526	0.000000000	0.251	0.000000000
2.000000	3.000000	2.454	0.000000000	0.244	0.000000000	0.574	0.000000000	0.056	0.000000000	1.880	0.000000000	0.192	0.000000000
3.000000	4.000000	3.025	0.000000000	0.297	0.000000000	0.556	0.000000000	0.054	0.000000000	2.469	0.000000000	0.246	0.000000000
4.000000	5.000000	1.636	0.000000000	0.170	0.000000000	0.291	0.000000000	0.029	0.000000000	1.344	0.000000000	99.999	0.000000000
5.000000	6.000000	0.881	0.000000000	0.107	0.000000000	0.104	0.000000000	0.013	0.000000000	0.776	0.000000000	0.100	0.000000000
6.000000	7.000000	1.106	0.000000000	0.125	0.000000000	0.140	0.000000000	0.016	0.000000000	0.966	0.000000000	0.114	0.000000000
7.000000	8.000000	0.776	0.000000000	0.100	0.000000000	0.108	0.000000000	0.013	0.000000000	0.668	0.000000000	0.092	0.000000000
8.000000	9.000000	0.914	0.000000000	0.110	0.000000000	0.143	0.000000000	0.016	0.000000000	0.771	0.000000000	0.099	0.000000000
9.000000	10.000000	1.535	0.000000000	0.161	0.000000000	0.277	0.000000000	0.028	0.000000000	1.259	0.000000000	0.138	0.000000000
10.000000	11.000000	2.173	0.000000000	0.219	0.000000000	0.447	0.000000000	0.044	0.000000000	1.726	0.000000000	0.178	0.000000000
11.000000	12.000000	2.949	0.000000000	0.290	0.000000000	0.500	0.000000000	0.049	0.000000000	2.449	0.000000000	0.244	0.000000000
12.000000	13.000000	2.243	0.000000000	0.225	0.000000000	0.430	0.000000000	0.042	0.000000000	1.813	0.000000000	0.186	0.000000000
13.000000	14.000000	1.368	0.000000000	0.147	0.000000000	0.189	0.000000000	0.020	0.000000000	1.178	0.000000000	0.131	0.000000000
14.000000	15.000000	0.735	0.000000000	0.096	0.000000000	0.147	0.000000000	0.016	0.000000000	0.589	0.000000000	0.087	0.000000000
15.000000	16.000000	1.113	0.000000000	0.125	0.000000000	0.190	0.000000000	0.020	0.000000000	0.923	0.000000000	0.110	0.000000000
16.000000	17.000000	1.007	0.000000000	0.117	0.000000000	0.190	0.000000000	0.020	0.000000000	0.817	0.000000000	0.102	0.000000000
17.000000	18.000000	1.971	0.000000000	0.200	0.000000000	0.409	0.000000000	0.040	0.000000000	1.563	0.000000000	0.164	0.000000000
18.000000	19.000000	1.101	0.000000000	0.124	0.000000000	0.195	0.000000000	0.021	0.000000000	0.907	0.000000000	0.109	0.000000000
19.000000	20.000000	2.803	0.000000000	0.277	0.000000000	0.571	0.000000000	0.055	0.000000000	2.232	0.000000000	0.224	0.000000000
20.000000	21.000000	3.530	0.000000000	0.345	0.000000000	0.782	0.000000000	0.075	0.000000000	2.747	0.000000000	0.271	0.000000000
21.000000	22.000000	10.480	0.000000000	1.007	0.000000000	1.424	0.000000000	0.137	0.000000000	9.056	0.000000000	0.871	0.000000000
22.000000	23.000000	3.803	0.000000000	0.370	0.000000000	0.514	0.000000000	0.050	0.000000000	3.289	0.000000000	0.322	0.000000000
23.000000	24.000000	0.480	0.000000000	0.080	0.000000000	0.050	0.000000000	0.010	0.000000000	0.430	0.000000000	0.078	0.000000000
24.000000	25.000000	0.657	0.000000000	0.092	0.000000000	0.076	0.000000000	0.011	0.000000000	0.580	0.000000000	0.087	0.000000000
25.000000	26.000000	0.804	0.000000000	0.102	0.000000000	0.104	0.000000000	0.013	0.000000000	0.700	0.000000000	0.094	0.000000000
26.000000	27.000000	2.498	0.000000000	0.248	0.000000000	0.435	0.000000000	0.043	0.000000000	2.063	0.000000000	0.209	0.000000000
27.000000	28.000000	2.168	0.000000000	0.218	0.000000000	0.453	0.000000000	0.044	0.000000000	1.716	0.000000000	0.177	0.000000000
28.000000	29.000000	1.961	0.000000000	0.199	0.000000000	0.377	0.000000000	0.037	0.000000000	1.584	0.000000000	0.165	0.000000000
29.000000	30.000000	0.883	0.000000000	0.107	0.000000000	0.132	0.000000000	0.015	0.000000000	0.751	0.000000000	0.098	0.000000000
30.000000	31.000000	0.830	0.000000000	0.103	0.000000000	0.081	0.000000000	0.012	0.000000000	0.749	0.000000000	0.098	0.000000000
31.000000	32.000000	0.985	0.000000000	0.115	0.000000000	0.100	0.000000000	0.013	0.000000000	0.885	0.000000000	0.107	0.000000000
32.000000	33.000000	0.903	0.000000000	0.109	0.000000000	0.121	0.000000000	0.014	0.000000000	0.782	0.000000000	0.100	0.000000000
33.000000	34.000000	0.563	0.000000000	0.085	0.000000000	0.069	0.000000000	0.011	0.000000000	0.494	0.000000000	0.081	0.000000000
34.000000	35.000000	0.782	0.000000000	0.100	0.000000000	0.067	0.000000000	0.011	0.000000000	0.715	0.000000000	0.095	0.000000000
35.000000	36.000000	0.690	0.000000000	0.093	0.000000000	0.138	0.000000000	0.016	0.000000000	0.553	0.000000000	0.085	0.000000000
36.000000	37.000000	1.540	0.000000000	0.162	0.000000000	0.205	0.000000000	0.021	0.000000000	1.335	0.000000000	0.144	0.000000000
37.000000	38.000000	1.432	0.000000000	0.152	0.000000000	0.201	0.000000000	0.021	0.000000000	1.231	0.000000000	0.135	0.000000000
38.000000	39.000000	1.510	0.000000000	0.159	0.000000000	0.154	0.000000000	0.017	0.000000000	1.357	0.000000000	0.146	0.000000000
39.000000	40.000000	1.706	0.000000000	0.176	0.000000000	0.150	0.000000000	0.017	0.000000000	1.556	0.000000000	0.163	0.000000000
40.000000	41.000000	2.186	0.000000000	0.220	0.000000000	0.212	0.000000000	0.022	0.000000000	1.974	0.000000000	0.200	0.000000000
41.000000	42.000000	2.801	0.000000000	0.276	0.000000000	0.327	0.000000000	0.032	0.000000000	2.475	0.000000000	0.246	0.000000000
42.000000	43.000000	1.540	0.000000000	0.163	0.000000000	0.272	0.000000000	0.028	0.000000000	1.268	0.000000000	0.140	0.000000000
43.000000	44.000000	0.857	0.000000000	0.105	0.000000000	0.141	0.000000000	0.016	0.000000000	0.716	0.000000000	0.095	0.000000000
44.000000	45.000000	1.859	0.000000000	0.190	0.000000000	0.108	0.000000000	0.013	0.000000000	1.752	0.000000000	0.180	0.000000000
45.000000	46.000000	1.073	0.000000000	0.122	0.000000000	0.124	0.000000000	0.015	0.000000000	0.949	0.000000000	0.113	0.000000000
46.000000	47.000000	0.989	0.000000000	0.116	0.000000000	0.111	0.000000000	0.014	0.000000000	0.878	0.000000000	0.107	0.000000000
47.000000	48.000000	0.722	0.000000000	0.096	0.000000000	0.105	0.000000000	0.013	0.000000000	0.617	0.000000000	0.089	0.000000000
48.000000	49.000000	0.322	0.000000000	0.072	0.000000000	0.045	0.000000000	0.010	0.000000000	0.277	0.000000000	0.071	0.000000000
49.000000	50.000000	99.999	0.999999999	99.999	0.999999999	99.999	0.999999999	99.999	0.999999999	99.999	0.999999999	99.999	0.999999999
50.000000	51.000000	99.999	0.999999999	99.999	0.999999999	99.999	0.999999999	99.999	0.999999999	99.999	0.999999999	99.999	0.999999999
51.000000	52.000000	99.999	0.999999999	99.999	0.999999999	99.999	0.999999999	99.999	0.999999999	99.999	0.999999999	99.999	0.999999999
52.000000	53.000000	2.219	0.000000000	0.223	0.000000000	0.225	0.000000000	0.023	0.000000000	1.994	0.000000000	0.202	0.000000000
53.000000	54.000000	0.646	0.000000000	0.090	0.000000000	0.095	0.000000000	0.012	0.000000000	0.551	0.000000000	0.084	0.000000000
54.000000	55.000000	1.158	0.000000000	0.129	0.000000000	0.155	0.000000000	0.017	0.000000000	1.003	0.000000000	0.117	0.000000000
55.000000	56.000000	0.641	0.000000000	0.090	0.000000000	0.123	0.000000000	0.015	0.000000000	0.518	0.000000000	0.083	0.000000000
56.000000	57.000000	0.688	0.000000000	0.094	0.000000000	0.144	0.000000000	0.016	0.000000000	0.544	0.000000000	0.084	0.000000000
57.000000	58.000000	1.173	0.000000000	0.131	0.000000000	0.167	0.000000000	0.018	0.000000000	1.006	0.000000000	0.117	0.000000000
58.000000	59.000000	1.061	0.000000000	0.122	0.000000000	0.140	0.000000000	0.016	0.000000000	0.921	0.000000000	0.111	0.000000000
59.000000	60.000000	1.488	0.000000000	0.157	0.000000000	0.187	0.000000000	0.020	0.000000000	1.301	0.000000000	0.141	0.000000000
60.000000	61.000000	1.631	0.000000000	0.170	0.000000000	0.210	0.000000000	0.022	0.000000000	1.421	0.000000000	0.152	0.000000000
61.000000	62.000000	1.849	0.000000000	0.189	0.000000000	0.252	0.000000000	0.026	0.000000000	1.597	0.000000000	0.167	0.000000000
62.000000	63.000000	1.669	0.000000000	0.173	0.000000000	0.208	0.000000000	0.022	0.000000000	1.461	0.000000000	0.155	0.000000000
63.000000	64.000000	2.554	0.000000000	0.254	0.000000000	0.377	0.000000000	0.037	0.000000000	2.178	0.000000000	0.219	0.000000000
64.000000	65.000000	1.995	0.000000000	0.202	0.000000000	0.265	0.000000000	0.027	0.000000000	1.730	0.000000000	0.179	0.000000000
65.000000	66.000000	2.820	0.000000000	0.278	0.000000000	0.426	0.000000000	0.042	0.000000000	2.394	0.000000000	0.239	0.000000000
66.000000	67.000000	2.637	0.000000000	0.261	0.000000000	0.467	0.000000000	0.046	0.000000000	2.170	0.000000000	0.218	0.000000000
67.000000	68.000000	99.999	0.999999999	99.999	0.999999999	99.999	0.999999999	99.999	0.999999999	99.999	0.999999999	99.999	0.999999999
68.000000	69.000000	4.487	0.000000000	0.435	0.000000000	1.110	0.000000000	0.107	0.000000000	3.377	0.000000000	0.330	0.000000000
69.000000	70.000000	4.529	0.000000000	0.439	0.000000000	0.950	0.000000000	0.091	0.000000000	3.578	0.000000000	0.349	0.000000000
70.000000	71.000000	4.357	0.000000000	0.423	0.000000000	0.878	0.000000000	0.085	0.000000000	3.478	0.000000000	0.340	0.000000000
71.000000	72.000000	4.147	0.000000000	0.403	0.000000000	0.882	0.000000000	0.085	0.000000000	3.266	0.000000000	0.320	0.000000000
72.000000	73.000000	3.180	0.000000000	0.312	0.000000000	0.626	0.000000000	0.061	0.000000000	2.554	0.000000000	0.253	0.000000000
73.000000	74.000000	0.882	0.000000000	0.107	0.000000000	0.080	0.000000000	0.011	0.000000000	0.802	0.000000000	0.101	0.000000000
74.000000	75.000000	0.669	0.000000000	0.092	0.000000000	0.085	0.000000000	0.012	0.000000000	0.584	0.000000000	0.086	0.000000000
75.000000	76.000000	2.287	0.000000000	0.229	0.000000000	0.570	0.000000000	0.055	0.000000000	1.718	0.000000000	0.177	0.000000000
76.000000	77.000000	1.286	0.000000000	0.140	0.000000000	0.211	0.000000000	0.022	0.000000000	1.075	0.000000000	0.122	0.000000000
77.000000	78.000000	2.296	0.000000000	0.230	0.000000000	0.393	0.000000000	0.039	0.000000000	1.903	0.000000000	0.194	0.000000000
78.000000	79.000000	99.999	0.999999999	99.999	0.999999999	99.999	0.999999999	99.999	0.999999999	99.999	0.999999999	99.999	0.999999999
79.000000	80.000000	99.999	0.999999999	99.999	0.999999999	99.999	0.999999999	99.999	0.999999999	99.999	0.999999999	99.999	0.999999999
80.000000	81.000000	99.999	0.999999999	99.999	0.999999999	99.999	0.999999999	99.999	0.999999999	99.999	0.999999999	99.999	0.999999999
81.000000	82.000000	99.999	0.999999999	99.999	0.999999999	99.999	0.999999999	99.999	0.999999999	99.999	0.999999999	99.999	0.999999999
82.000000	83.000000	1.056	0.000000000	0.121	0.000000000	0.144	0.000000000	0.016	0.000000000	0.912	0.000000000	0.109	0.000000000
83.000000	84.000000	0.952	0.000000000	0.112	0.000000000	0.176	0.000000000	0.019	0.000000000	0.776	0.000000000	0.099	0.000000000
84.000000	85.000000	1.030	0.000000000	0.119	0.000000000	0.186	0.000000000	0.020	0.000000000	0.844	0.000000000	0.104	0.000000000
85.000000	86.000000	1.177	0.000000000	0.130	0.000000000	0.199	0.000000000	0.021	0.000000000	0.978	0.000000000	0.114	0.000000000
86.000000	87.000000	0.594	0.000000000	0.087	0.000000000	0.080	0.000000000	0.011	0.000000000	0.514	0.000000000	0.082	0.000000000
87.000000	88.000000	0.540	0.000000000	0.084	0.000000000	0.057	0.000000000	0.010	0.000000000	0.484	0.000000000	0.080	0.000000000
88.000000	89.000000	0.580	0.000000000	0.086	0.000000000	0.059	0.000000000	0.010	0.000000000	0.521	0.000000000	0.082	0.000000000
89.000000	90.000000	0.814	0.000000000	0.102	0.000000000	0.116	0.000000000	0.014	0.000000000	0.698	0.000000000	0.094	0.000000000
