ebas_test_data/CZ0003R.20180101020000.20190510000000.online_thermal-optical_analysis.oc.pm25.74d.4h.CZ06L_CG_Sunset_Lab_OCEC_Analyzer..lev2.nas
98 1001
Mbengue, Saliou; Holoubek, Ivan
CZ06L, "Global Change Research Centre AS CR, v.v.i.", , , Belidla 4a, , 603 00, Brno, Czech Republic
Mbengue, Saliou
ACTRIS EMEP GAW-WDCA
1 1
2018 01 01 2019 05 10
0.166667
days from file reference point
13
1 1 1 1 1 1 1 1 1 1 1 1 1
99.999999 99.999 9.999 9.999 9.999 999.999 9.999 99.999 9.999 999.999 9.999 99.999 9.999
end_time of measurement, days from the file reference point
elemental_carbon, ug C/m3, Statistics=arithmetic mean, Detection limit=0.113 ug C/m3
numflag elemental_carbon, no unit, Statistics=arithmetic mean, Detection limit=0.113 ug C/m3
elemental_carbon, ug C/m3, Statistics=uncertainty
numflag elemental_carbon, no unit, Statistics=uncertainty
organic_carbon, ug C/m3, Statistics=arithmetic mean, Detection limit=0.113 ug C/m3
numflag organic_carbon, no unit, Statistics=arithmetic mean, Detection limit=0.113 ug C/m3
organic_carbon, ug C/m3, Statistics=uncertainty
numflag organic_carbon, no unit, Statistics=uncertainty
total_carbon, ug C/m3, Statistics=arithmetic mean, Detection limit=0.113 ug C/m3
numflag total_carbon, no unit, Statistics=arithmetic mean, Detection limit=0.113 ug C/m3
total_carbon, ug C/m3, Statistics=uncertainty
numflag total_carbon, no unit, Statistics=uncertainty
0
71
Data definition:              EBAS_1.1
Set type code:                TI
Timezone:                     UTC
File name:                    CZ0003R.20180101020000.20190510000000.online_thermal-optical_analysis..pm25.74d.4h.CZ06L_CG_Sunset_Lab_OCEC_Analyzer.CZ06L_thermal-optical_analysis_EUSAAR_2.lev2.nas
File creation:                20220221214857394943
Export state:                 20220221214854480000
Export filter:                exclude-900,exclude-invalid
Startdate:                    20180101020000
Revision date:                20190510000000
Version:                      1
Version description:          initial revision, manually inspected
Data level:                   2
Period code:                  74d
Resolution code:              4h
Sample duration:              220mn
Orig. time res.:              4h
Station code:                 CZ0003R
Platform code:                CZ0003S
Station name:                 Kosetice (NOAK)
Station WDCA-ID:              GAWACZ__KOS
Station GAW-ID:               KOS
Station GAW-Name:             Kosetice Observatory
Station land use:             Agricultural
Station setting:              Rural
Station GAW type:             R
Station WMO region:           6
Station latitude:             49.573394
Station longitude:            15.080278
Station altitude:             535.0 m
Measurement latitude:         49.58333
Measurement longitude:        15.08333
Measurement altitude:         538.0 m
Measurement height:           4.0 m
Regime:                       IMG
Component:                    
Unit:                         ug C/m3
Matrix:                       pm25
Laboratory code:              CZ06L
Instrument type:              online_thermal-optical_analysis
Instrument name:              CG_Sunset_Lab_OCEC_Analyzer
Instrument manufacturer:      Sunset Laboratory
Instrument model:             Model-4 Semi-Continuous Field Analyzer
Instrument serial number:     3197
Method ref:                   CZ06L_thermal-optical_analysis_EUSAAR_2
Standard method:              TEMP=EUSAAR_2
[...]
Filter conditioning:          None
Sample preparation:           None
Blank correction:             Not blank corrected
Artifact correction:          Positive only
Artifact correction description: Carbon parallel-plate diffusion denuder (from Sunset Lab.)
Charring correction:          By laser transmission
Humidity/temperature control: None
Volume std. temperature:      ambient
Volume std. pressure:         ambient
Detection limit expl.:        0.113 ug C/m3
Measurement uncertainty expl.: Measurement uncertainty includes quantifiable uncertainty
Zero/negative values code:    Zero/negative possible
Zero/negative values:         Zero/negative values reported as measured if within detection limit, flagged with 780
Originator:                   Mbengue, Saliou, mbengue.s@czechglobe.cz, Global Change Research Institute of the Czech Academy of Sciences, GCRI, Department of Atmospheric Fluxes and Long-range Transport, Belidla 986/4a, , 603 00, Brno, Czech Republic
Originator:                   Holoubek, Ivan, holoubek.i@czechglobe.cz, Global Change Research Institute of the Czech Academy of Sciences, GCRI, Department of Atmospheric Fluxes and Long-range Transport, Belidla 986/4a, , 603 00, Brno, Czech Republic
Submitter:                    Mbengue, Saliou, mbengue.s@czechglobe.cz, Global Change Research Institute of the Czech Academy of Sciences, GCRI, Department of Atmospheric Fluxes and Long-range Transport, Belidla 986/4a, , 603 00, Brno, Czech Republic
Acknowledgement:              Request acknowledgement details from data originator
starttime endtime EC flag_EC EC flag_EC OC flag_OC OC flag_OC TC flag_TC TC flag_TC
[from data line 162]
27.083387 27.236166  1.068 0.000 0.288 0.000   4.669 0.000  0.585 0.000   5.737 0.000  0.773 0.000
27.250054 27.402832  0.540 0.000 0.248 0.000   2.627 0.000  0.436 0.000   3.166 0.000  0.584 0.000
27.416721 27.569499  0.519 0.000 0.246 0.000   2.665 0.000  0.438 0.000   3.184 0.000  0.585 0.000
27.583388 27.736166  0.461 0.000 0.241 0.000   2.697 0.000  0.442 0.000   3.158 0.000  0.583 0.000
27.750056 27.902833  0.303 0.000 0.227 0.000   1.702 0.000  0.352 0.000   2.005 0.000  0.480 0.000
27.916722 28.069500  0.225 0.000 0.220 0.000   1.224 0.000  0.309 0.000   1.449 0.000  0.429 0.000
28.083389 28.236167 -0.395 0.780 0.223 0.532   1.770 0.532  0.398 0.532   2.724 0.532  0.521 0.532
28.250056 28.402834  0.214 0.000 0.219 0.000   1.018 0.000  0.291 0.000   1.232 0.000  0.410 0.000
28.416723 28.569501  0.293 0.000 0.226 0.000   1.610 0.000  0.341 0.000   1.903 0.000  0.466 0.000
28.583390 28.736168  0.414 0.000 0.236 0.000   1.941 0.000  0.370 0.000   2.355 0.000  0.507 0.000
28.750057 28.902834  0.371 0.000 0.233 0.000   2.094 0.000  0.386 0.000   2.465 0.000  0.518 0.000
28.916725 29.069502  0.166 0.000 0.215 0.000   1.447 0.000  0.328 0.000   1.613 0.000  0.443 0.000
29.083391 29.236169 -0.516 0.780 0.208 0.532   0.058 0.780  0.254 0.532   0.765 0.532  0.362 0.532
29.250058 29.402836  0.169 0.000 0.215 0.000   0.929 0.000  0.284 0.000   1.099 0.000  0.399 0.000
29.416725 29.569503  0.562 0.000 0.250 0.000   0.963 0.000  0.286 0.000   1.525 0.000  0.436 0.000
29.583392 29.736170  0.355 0.000 0.232 0.000   2.027 0.000  0.381 0.000   2.382 0.000  0.513 0.000
29.750059 29.902837  0.732 0.000 0.266 0.000   4.248 0.000  0.584 0.000   4.980 0.000  0.750 0.000
29.916726 30.069503  0.481 0.000 0.244 0.000   2.387 0.000  0.416 0.000   2.868 0.000  0.559 0.000
30.083394 30.236171  0.460 0.000 0.238 0.000   2.335 0.000  0.392 0.000   2.795 0.000  0.529 0.000
30.250060 30.402838  0.402 0.000 0.236 0.000   1.957 0.000  0.376 0.000   2.359 0.000  0.512 0.000
30.416727 30.569505 99.999 0.980 9.999 0.980 999.999 0.980 99.999 0.980 999.999 0.980 99.999 0.980
30.583394 30.736172  0.385 0.000 0.233 0.000   2.605 0.000  0.426 0.000   2.989 0.000  0.560 0.000
30.750061 30.902839  0.353 0.000 0.231 0.000   2.226 0.000  0.395 0.000   2.579 0.000  0.526 0.000
30.916728 31.069506  0.323 0.000 0.228 0.000   2.267 0.000  0.398 0.000   2.590 0.000  0.526 0.000
31.083395 31.236172  0.346 0.000 0.227 0.000   1.963 0.000  0.355 0.000   2.308 0.000  0.483 0.000
31.250062 31.402840  0.429 0.000 0.237 0.000   1.893 0.000  0.365 0.000   2.322 0.000  0.502 0.000
31.416729 31.569507 99.999 0.980 9.999 0.980 999.999 0.980 99.999 0.980 999.999 0.980 99.999 0.980
31.583396 31.736174  0.345 0.000 0.230 0.000   2.305 0.000  0.402 0.000   2.650 0.000  0.532 0.000
31.750062 31.902841  0.469 0.000 0.241 0.000   3.027 0.000  0.467 0.000   3.496 0.000  0.609 0.000
31.916730 32.069508  0.276 0.000 0.224 0.000   1.272 0.000  0.313 0.000   1.547 0.000  0.437 0.000
32.083397 32.236175  0.330 0.000 0.227 0.000   1.750 0.000  0.342 0.000   2.080 0.000  0.468 0.000
32.250064 32.402841  0.486 0.000 0.243 0.000   1.809 0.000  0.361 0.000   2.295 0.000  0.504 0.000
32.416731 32.569509  0.389 0.000 0.234 0.000   1.871 0.000  0.365 0.000   2.260 0.000  0.500 0.000
32.583398 32.736176  0.443 0.000 0.239 0.000   2.012 0.000  0.378 0.000   2.456 0.000  0.518 0.000
32.750065 32.902843  0.622 0.000 0.255 0.000   2.631 0.000  0.435 0.000   3.253 0.000  0.590 0.000
32.916731 33.069510  0.502 0.000 0.245 0.000   2.388 0.000  0.413 0.000   2.890 0.000  0.557 0.000
33.083399 33.236177  0.446 0.000 0.236 0.000   2.898 0.000  0.434 0.000   3.344 0.000  0.571 0.000
33.250066 33.402844  0.369 0.000 0.233 0.000   1.999 0.000  0.378 0.000   2.368 0.000  0.510 0.000
33.416733 33.569512  0.518 0.000 0.246 0.000   2.615 0.000  0.431 0.000   3.133 0.000  0.577 0.000
33.583400 33.736178  0.521 0.000 0.246 0.000   2.321 0.000  0.405 0.000   2.841 0.000  0.551 0.000
33.750067 33.902845  0.717 0.000 0.264 0.000   3.317 0.000  0.496 0.000   4.034 0.000  0.660 0.000
33.916734 34.069512  0.522 0.000 0.247 0.000   2.574 0.000  0.430 0.000   3.096 0.000  0.577 0.000
34.083400 34.236179  0.339 0.000 0.228 0.000   1.771 0.000  0.345 0.000   2.110 0.000  0.473 0.000
34.250068 34.402846  0.495 0.000 0.245 0.000   2.260 0.000  0.404 0.000   2.755 0.000  0.549 0.000
34.416735 34.569513  0.563 0.000 0.250 0.000   2.374 0.000  0.410 0.000   2.937 0.000  0.560 0.000
34.583402 34.736181  0.569 0.000 0.251 0.000   2.492 0.000  0.423 0.000   3.062 0.000  0.575 0.000
34.750069 34.902847  1.012 0.000 0.292 0.000   3.837 0.000  0.549 0.000   4.849 0.000  0.741 0.000
34.916736 35.069514  1.188 0.000 0.309 0.000   5.449 0.000  0.698 0.000   6.636 0.000  0.906 0.000
35.083403 35.236181  0.878 0.000 0.274 0.000   4.055 0.000  0.540 0.000   4.933 0.000  0.714 0.000
35.250069 35.402848  0.994 0.000 0.291 0.000   4.291 0.000  0.594 0.000   5.285 0.000  0.786 0.000
35.416737 35.569515  1.307 0.000 0.319 0.000   5.212 0.000  0.675 0.000   6.519 0.000  0.894 0.000
35.583404 35.736182  1.448 0.000 0.332 0.000   5.058 0.000  0.661 0.000   6.506 0.000  0.894 0.000
35.750071 35.902850  1.325 0.000 0.321 0.000   4.803 0.000  0.640 0.000   6.129 0.000  0.861 0.000
35.916738 36.069516  1.108 0.000 0.302 0.000   4.160 0.000  0.582 0.000   5.269 0.000  0.783 0.000
36.083405 36.236183  1.007 0.000 0.284 0.000   3.562 0.000  0.498 0.000   4.568 0.000  0.682 0.000
36.250072 36.402850  1.256 0.000 0.315 0.000   3.925 0.000  0.560 0.000   5.181 0.000  0.775 0.000
36.416738 36.569517  0.880 0.000 0.278 0.000   3.376 0.000  0.500 0.000   4.256 0.000  0.678 0.000
36.583406 36.736184  1.081 0.000 0.297 0.000   3.920 0.000  0.553 0.000   5.000 0.000  0.750 0.000
36.750073 36.902851  1.125 0.000 0.302 0.000   4.561 0.000  0.614 0.000   5.687 0.000  0.817 0.000
36.916740 37.069519  1.259 0.000 0.314 0.000   5.210 0.000  0.671 0.000   6.469 0.000  0.885 0.000
37.083407 37.236185  1.051 0.000 0.286 0.000   4.685 0.000  0.585 0.000   5.736 0.000  0.772 0.000
37.250074 37.402852  1.023 0.000 0.292 0.000   4.485 0.000  0.605 0.000   5.508 0.000  0.797 0.000
37.416741 37.569519  1.140 0.000 0.302 0.000   5.255 0.000  0.669 0.000   6.395 0.000  0.871 0.000
37.583409 37.736186  1.350 0.000 0.321 0.000   5.953 0.000  0.734 0.000   7.304 0.000  0.955 0.000
37.750075 37.902853  1.619 0.000 0.346 0.000   6.593 0.000  0.795 0.000   8.212 0.000  1.041 0.000
37.916742 38.069520  1.677 0.000 0.351 0.000   6.533 0.000  0.790 0.000   8.210 0.000  1.041 0.000
38.083409 38.236187  2.978 0.000 0.446 0.000   9.831 0.000  1.012 0.000  12.808 0.000  1.358 0.000
38.250076 38.402854  4.754 0.000 0.633 0.000  13.134 0.000  1.395 0.000  17.888 0.000  1.928 0.000
38.416743 38.569521  4.342 0.000 0.594 0.000  11.416 0.000  1.236 0.000  15.757 0.000  1.731 0.000
38.583410 38.736187  4.461 0.000 0.605 0.000  11.646 0.000  1.256 0.000  16.107 0.000  1.761 0.000
38.750078 38.902855  4.458 0.000 0.606 0.000  11.493 0.000  1.248 0.000  15.952 0.000  1.754 0.000
38.916744 39.069522  3.101 0.000 0.484 0.000   8.539 0.000  0.981 0.000  11.640 0.000  1.365 0.000
39.083411 39.236189  2.306 0.000 0.392 0.000   7.400 0.000  0.817 0.000   9.706 0.000  1.110 0.000
39.250078 39.402856  2.537 0.000 0.433 0.000   8.420 0.000  0.972 0.000  10.957 0.000  1.305 0.000
39.416745 39.569523  2.469 0.000 0.418 0.000   7.823 0.000  0.892 0.000  10.292 0.000  1.211 0.000
39.583412 39.736190  1.573 0.000 0.341 0.000   5.347 0.000  0.680 0.000   6.920 0.000  0.922 0.000
39.750079 39.902856  2.044 0.000 0.385 0.000   6.736 0.000  0.811 0.000   8.780 0.000  1.096 0.000
39.916747 40.069524  1.865 0.000 0.369 0.000   6.231 0.000  0.766 0.000   8.096 0.000  1.035 0.000
40.083413 40.236191  1.581 0.000 0.331 0.000   5.591 0.000  0.662 0.000   7.172 0.000  0.893 0.000
40.250080 40.402858  1.801 0.000 0.364 0.000   6.271 0.000  0.769 0.000   8.072 0.000  1.033 0.000
40.416747 40.569525  1.386 0.000 0.325 0.000   5.130 0.000  0.664 0.000   6.516 0.000  0.889 0.000
40.583414 40.736192  1.306 0.000 0.318 0.000   5.295 0.000  0.678 0.000   6.601 0.000  0.896 0.000
40.750081 40.902859  1.773 0.000 0.360 0.000   6.634 0.000  0.800 0.000   8.406 0.000  1.061 0.000
40.916748 41.069525  1.315 0.000 0.319 0.000   5.873 0.000  0.731 0.000   7.188 0.000  0.950 0.000
41.083416 41.236193  1.072 0.000 0.288 0.000   4.942 0.000  0.605 0.000   6.014 0.000  0.792 0.000
41.250082 41.402860  0.745 0.000 0.267 0.000   3.096 0.000  0.477 0.000   3.841 0.000  0.644 0.000
41.416749 41.569527  0.613 0.000 0.254 0.000   2.597 0.000  0.430 0.000   3.210 0.000  0.584 0.000
41.583416 41.736194  0.611 0.000 0.254 0.000   2.583 0.000  0.428 0.000   3.194 0.000  0.582 0.000
41.750083 41.902861  0.538 0.000 0.248 0.000   2.419 0.000  0.415 0.000   2.957 0.000  0.563 0.000
41.916750 42.069528  0.415 0.000 0.237 0.000   1.964 0.000  0.375 0.000   2.380 0.000  0.512 0.000
42.083417 42.236194  0.320 0.000 0.226 0.000   1.892 0.000  0.353 0.000   2.212 0.000  0.479 0.000
42.250084 42.402862  0.366 0.000 0.233 0.000   1.961 0.000  0.375 0.000   2.327 0.000  0.508 0.000
42.416751 42.569529  0.380 0.000 0.234 0.000   1.601 0.000  0.342 0.000   1.981 0.000  0.475 0.000
42.583418 42.736196  0.436 0.000 0.239 0.000   1.580 0.000  0.341 0.000   2.015 0.000  0.480 0.000
42.750084 42.902863  0.448 0.000 0.240 0.000   1.809 0.000  0.364 0.000   2.256 0.000  0.504 0.000
42.916752 43.069530  0.610 0.000 0.255 0.000   2.420 0.000  0.419 0.000   3.030 0.000  0.575 0.000
43.083419 43.236197  0.452 0.000 0.237 0.000   1.778 0.000  0.347 0.000   2.230 0.000  0.485 0.000
43.250086 43.402863  0.574 0.000 0.252 0.000   1.882 0.000  0.370 0.000   2.456 0.000  0.522 0.000
43.416753 43.569531  0.315 0.000 0.228 0.000   1.311 0.000  0.316 0.000   1.626 0.000  0.444 0.000
43.583420 43.736198  0.398 0.000 0.236 0.000   1.949 0.000  0.375 0.000   2.347 0.000  0.511 0.000
43.750087 43.902865  1.135 0.000 0.303 0.000   4.964 0.000  0.653 0.000   6.099 0.000  0.856 0.000
43.916753 44.069532  1.019 0.000 0.293 0.000   5.098 0.000  0.666 0.000   6.117 0.000  0.860 0.000
44.083421 44.236199  1.180 0.000 0.298 0.000   5.304 0.000  0.640 0.000   6.484 0.000  0.838 0.000
44.250088 44.402866 99.999 0.980 9.999 0.980 999.999 0.980 99.999 0.980 999.999 0.980 99.999 0.980
44.416755 44.569534 99.999 0.980 9.999 0.980 999.999 0.980 99.999 0.980 999.999 0.980 99.999 0.980
44.583422 44.736200 99.999 0.980 9.999 0.980 999.999 0.980 99.999 0.980 999.999 0.980 99.999 0.980
44.750089 44.902867  1.096 0.000 0.300 0.000   6.916 0.000  0.830 0.000   8.013 0.000  1.030 0.000
44.916756 45.069534  1.203 0.000 0.311 0.000   7.181 0.000  0.862 0.000   8.384 0.000  1.073 0.000
45.083422 45.236201  1.204 0.000 0.302 0.000   6.917 0.000  0.784 0.000   8.121 0.000  0.986 0.000
45.250090 45.402868  1.370 0.000 0.326 0.000   7.172 0.000  0.861 0.000   8.542 0.000  1.087 0.000
45.416757 45.569535  1.171 0.000 0.305 0.000   5.953 0.000  0.733 0.000   7.124 0.000  0.938 0.000
45.583424 45.736203  1.209 0.000 0.309 0.000   5.173 0.000  0.667 0.000   6.381 0.000  0.877 0.000
45.750091 45.902869  1.232 0.000 0.312 0.000   4.903 0.000  0.645 0.000   6.135 0.000  0.857 0.000
45.916758 46.069536  1.174 0.000 0.306 0.000   4.748 0.000  0.630 0.000   5.922 0.000  0.837 0.000
46.083425 46.236203  0.930 0.000 0.277 0.000   3.995 0.000  0.530 0.000   4.925 0.000  0.706 0.000
46.250091 46.402870  0.737 0.000 0.267 0.000   3.227 0.000  0.492 0.000   3.964 0.000  0.659 0.000
46.416759 46.569537  0.530 0.000 0.247 0.000   2.578 0.000  0.430 0.000   3.108 0.000  0.578 0.000
46.583426 46.736204  0.940 0.000 0.285 0.000   3.796 0.000  0.541 0.000   4.736 0.000  0.726 0.000
46.750093 46.902872  0.951 0.000 0.287 0.000   3.729 0.000  0.541 0.000   4.680 0.000  0.728 0.000
46.916760 47.069538  0.810 0.000 0.274 0.000   4.288 0.000  0.594 0.000   5.097 0.000  0.768 0.000
47.083427 47.236205  0.945 0.000 0.280 0.000   4.231 0.000  0.557 0.000   5.176 0.000  0.736 0.000
47.250094 47.402872  0.726 0.000 0.266 0.000   3.477 0.000  0.517 0.000   4.203 0.000  0.684 0.000
47.416762 47.569539  1.125 0.000 0.302 0.000   5.038 0.000  0.655 0.000   6.163 0.000  0.857 0.000
47.583428 47.736206  1.101 0.000 0.300 0.000   5.142 0.000  0.665 0.000   6.243 0.000  0.865 0.000
47.750095 47.902873  1.223 0.000 0.311 0.000   4.953 0.000  0.650 0.000   6.175 0.000  0.861 0.000
47.916762 48.069541  1.519 0.000 0.339 0.000   5.139 0.000  0.669 0.000   6.658 0.000  0.908 0.000
48.083429 48.236207  0.785 0.000 0.265 0.000   3.647 0.000  0.504 0.000   4.433 0.000  0.669 0.000
48.250096 48.402874  1.053 0.000 0.296 0.000   4.540 0.000  0.616 0.000   5.593 0.000  0.812 0.000
48.416763 48.569541  1.145 0.000 0.304 0.000   5.175 0.000  0.670 0.000   6.320 0.000  0.874 0.000
48.583431 48.736208  0.930 0.000 0.285 0.000   3.896 0.000  0.555 0.000   4.826 0.000  0.739 0.000
48.750097 48.902875  1.048 0.000 0.296 0.000   4.789 0.000  0.638 0.000   5.837 0.000  0.834 0.000
48.916764 49.069542  0.536 0.000 0.250 0.000   2.739 0.000  0.453 0.000   3.275 0.000  0.603 0.000
49.083431 49.236209  0.569 0.000 0.249 0.000   2.759 0.000  0.435 0.000   3.329 0.000  0.584 0.000
49.250098 49.402876  1.128 0.000 0.304 0.000   3.900 0.000  0.560 0.000   5.027 0.000  0.764 0.000
49.416765 49.569543  1.974 0.000 0.373 0.000   6.166 0.000  0.741 0.000   8.140 0.000  1.014 0.000
49.583432 49.736209  1.885 0.000 0.369 0.000   6.178 0.000  0.754 0.000   8.063 0.000  1.023 0.000
49.750100 49.902877  2.106 0.000 0.394 0.000   6.209 0.000  0.771 0.000   8.315 0.000  1.064 0.000
49.916766 50.069544  1.476 0.000 0.336 0.000   5.035 0.000  0.665 0.000   6.511 0.000  0.901 0.000
50.083433 50.236211  1.506 0.000 0.327 0.000   5.913 0.000  0.697 0.000   7.419 0.000  0.924 0.000
50.250100 50.402878  1.928 0.000 0.377 0.000   7.356 0.000  0.874 0.000   9.284 0.000  1.151 0.000
50.416767 50.569545  1.836 0.000 0.365 0.000   6.196 0.000  0.756 0.000   8.032 0.000  1.021 0.000
50.583434 50.736212  1.484 0.000 0.333 0.000   5.796 0.000  0.721 0.000   7.280 0.000  0.954 0.000
50.750101 50.902878  2.479 0.000 0.425 0.000   9.276 0.000  1.042 0.000  11.755 0.000  1.367 0.000
50.916769 51.069546  3.485 0.000 0.520 0.000   9.909 0.000  1.109 0.000  13.394 0.000  1.528 0.000
51.083435 51.236213  3.185 0.000 0.467 0.000   9.520 0.000  0.998 0.000  12.705 0.000  1.365 0.000
51.250102 51.402880  3.540 0.000 0.526 0.000   9.830 0.000  1.104 0.000  13.370 0.000  1.530 0.000
51.416769 51.569547  2.387 0.000 0.414 0.000   7.360 0.000  0.860 0.000   9.747 0.000  1.175 0.000
51.583436 51.736214  2.170 0.000 0.396 0.000   6.044 0.000  0.747 0.000   8.213 0.000  1.044 0.000
51.750103 51.902881  2.540 0.000 0.433 0.000   7.122 0.000  0.854 0.000   9.662 0.000  1.187 0.000
51.916770 52.069547  2.593 0.000 0.440 0.000   7.694 0.000  0.912 0.000  10.287 0.000  1.252 0.000
52.083438 52.236215  1.545 0.000 0.330 0.000   5.560 0.000  0.670 0.000   7.105 0.000  0.900 0.000
52.250104 52.402882  1.289 0.000 0.318 0.000   4.482 0.000  0.611 0.000   5.772 0.000  0.830 0.000
52.416771 52.569549  1.274 0.000 0.315 0.000   4.416 0.000  0.598 0.000   5.689 0.000  0.812 0.000
52.583438 52.736216 99.999 0.980 9.999 0.980 999.999 0.980 99.999 0.980 999.999 0.980 99.999 0.980
52.750105 52.902883  1.128 0.000 0.303 0.000   5.748 0.000  0.725 0.000   6.876 0.000  0.928 0.000
52.916772 53.069550  1.364 0.000 0.325 0.000   7.173 0.000  0.860 0.000   8.537 0.000  1.085 0.000
53.083439 53.236216  1.282 0.000 0.308 0.000   6.688 0.000  0.761 0.000   7.970 0.000  0.968 0.000
53.250106 53.402884  1.378 0.000 0.326 0.000   7.270 0.000  0.867 0.000   8.649 0.000  1.094 0.000
53.416773 53.569551  1.352 0.000 0.321 0.000   7.006 0.000  0.830 0.000   8.358 0.000  1.051 0.000
53.583440 53.736218  1.274 0.000 0.315 0.000   5.753 0.000  0.721 0.000   7.027 0.000  0.937 0.000
53.750106 53.902885  1.691 0.000 0.357 0.000   8.052 0.000  0.947 0.000   9.743 0.000  1.204 0.000
