ebas_test_data/CZ0003R.20180101020000.20190510000000.online_thermal-optical_analysis.oc.pm25.74d.4h.CZ06L_CG_Sunset_Lab_OCEC_Analyzer..lev2.nas
98 1001
Mbengue, Saliou; Holoubek, Ivan
CZ06L, "Global Change Research Centre AS CR, v.v.i.", , , Belidla 4a, , 603 00, Brno, Czech Republic
Mbengue, Saliou
ACTRIS EMEP GAW-WDCA
1 1
2018 01 01 2019 05 10
0.166667
days from file reference point
13
1 1 1 1 1 1 1 1 1 1 1 1 1
99.999999 99.999 9.999 9.999 9.999 999.999 9.999 99.999 9.999 999.999 9.999 99.999 9.999
end_time of measurement, days from the file reference point
elemental_carbon, ug C/m3, Statistics=arithmetic mean, Detection limit=0.113 ug C/m3
numflag elemental_carbon, no unit, Statistics=arithmetic mean, Detection limit=0.113 ug C/m3
elemental_carbon, ug C/m3, Statistics=uncertainty
numflag elemental_carbon, no unit, Statistics=uncertainty
organic_carbon, ug C/m3, Statistics=arithmetic mean, Detection limit=0.113 ug C/m3
numflag organic_carbon, no unit, Statistics=arithmetic mean, Detection limit=0.113 ug C/m3
organic_carbon, ug C/m3, Statistics=uncertainty
numflag organic_carbon, no unit, Statistics=uncertainty
total_carbon, ug C/m3, Statistics=arithmetic mean, Detection limit=0.113 ug C/m3
numflag total_carbon, no unit, Statistics=arithmetic mean, Detection limit=0.113 ug C/m3
total_carbon, ug C/m3, Statistics=uncertainty
numflag total_carbon, no unit, Statistics=uncertainty
0
71
Data definition:              EBAS_1.1
Set type code:                TI
Timezone:                     UTC
File name:                    CZ0003R.20180101020000.20190510000000.online_thermal-optical_analysis..pm25.74d.4h.CZ06L_CG_Sunset_Lab_OCEC_Analyzer.CZ06L_thermal-optical_analysis_EUSAAR_2.lev2.nas
File creation:                20220221214857394943
Export state:                 20220221214854480000
Export filter:                exclude-900,exclude-invalid
Startdate:                    20180101020000
Revision date:                20190510000000
Version:                      1
Version description:          initial revision, manually inspected
Data level:                   2
Period code:                  74d
Resolution code:              4h
Sample duration:              220mn
Orig. time res.:              4h
Station code:                 CZ0003R
Platform code:                CZ0003S
Station name:                 Kosetice (NOAK)
Station WDCA-ID:              GAWACZ__KOS
Station GAW-ID:               KOS
Station GAW-Name:             Kosetice Observatory
Station land use:             Agricultural
Station setting:              Rural
Station GAW type:             R
Station WMO region:           6
Station latitude:             49.573394
Station longitude:            15.080278
Station altitude:             535.0 m
Measurement latitude:         49.58333
Measurement longitude:        15.08333
Measurement altitude:         538.0 m
Measurement height:           4.0 m
Regime:                       IMG
Component:                    
Unit:                         ug C/m3
Matrix:                       pm25
Laboratory code:              CZ06L
Instrument type:              online_thermal-optical_analysis
Instrument name:              CG_Sunset_Lab_OCEC_Analyzer
Instrument manufacturer:      Sunset Laboratory
Instrument model:             Model-4 Semi-Continuous Field Analyzer
Instrument serial number:     3197
Method ref:                   CZ06L_thermal-optical_analysis_EUSAAR_2
Standard method:              TEMP=EUSAAR_2
[...]
Filter conditioning:          None
Sample preparation:           None
Blank correction:             Not blank corrected
Artifact correction:          Positive only
Artifact correction description: Carbon parallel-plate diffusion denuder (from Sunset Lab.)
Charring correction:          By laser transmission
Humidity/temperature control: None
Volume std. temperature:      ambient
Volume std. pressure:         ambient
Detection limit expl.:        0.113 ug C/m3
Measurement uncertainty expl.: Measurement uncertainty includes quantifiable uncertainty
Zero/negative values code:    Zero/negative possible
Zero/negative values:         Zero/negative values reported as measured if within detection limit, flagged with 780
Originator:                   Mbengue, Saliou, mbengue.s@czechglobe.cz, Global Change Research Institute of the Czech Academy of Sciences, GCRI, Department of Atmospheric Fluxes and Long-range Transport, Belidla 986/4a, , 603 00, Brno, Czech Republic
Originator:                   Holoubek, Ivan, holoubek.i@czechglobe.cz, Global Change Research Institute of the Czech Academy of Sciences, GCRI, Department of Atmospheric Fluxes and Long-range Transport, Belidla 986/4a, , 603 00, Brno, Czech Republic
Submitter:                    Mbengue, Saliou, mbengue.s@czechglobe.cz, Global Change Research Institute of the Czech Academy of Sciences, GCRI, Department of Atmospheric Fluxes and Long-range Transport, Belidla 986/4a, , 603 00, Brno, Czech Republic
Acknowledgement:              Request acknowledgement details from data originator
starttime endtime EC flag_EC EC flag_EC OC flag_OC OC flag_OC TC flag_TC TC flag_TC
[from data line 324]
54.083441 54.236219  1.611 0.000 0.338 0.000   7.911 0.000  0.877 0.000   9.522 0.000  1.115 0.000
54.250108 54.402887  1.611 0.000 0.350 0.000   7.178 0.000  0.870 0.000   8.789 0.000  1.121 0.000
54.416775 54.569553  0.778 0.000 0.271 0.000   3.139 0.000  0.486 0.000   3.917 0.000  0.657 0.000
54.583442 54.736220  0.658 0.000 0.261 0.000   2.418 0.000  0.423 0.000   3.076 0.000  0.584 0.000
54.750109 54.902887  1.215 0.000 0.314 0.000   4.330 0.000  0.607 0.000   5.545 0.000  0.821 0.000
54.916775 55.069554  1.067 0.000 0.301 0.000   4.752 0.000  0.649 0.000   5.819 0.000  0.849 0.000
55.083443 55.236221  0.743 0.000 0.264 0.000   3.652 0.000  0.517 0.000   4.395 0.000  0.681 0.000
55.250110 55.402888  0.917 0.000 0.287 0.000   4.341 0.000  0.611 0.000   5.257 0.000  0.797 0.000
55.416777 55.569556  1.050 0.000 0.297 0.000   3.944 0.000  0.563 0.000   4.994 0.000  0.760 0.000
55.583444 55.736222  0.899 0.000 0.283 0.000   2.985 0.000  0.477 0.000   3.884 0.000  0.660 0.000
55.750111 55.902889  1.351 0.000 0.329 0.000   5.210 0.000  0.696 0.000   6.561 0.000  0.925 0.000
55.916778 56.069556  1.447 0.000 0.338 0.000   6.470 0.000  0.819 0.000   7.917 0.000  1.057 0.000
56.083444 56.236223  1.637 0.000 0.343 0.000   7.421 0.000  0.848 0.000   9.059 0.000  1.090 0.000
56.250112 56.402890  1.336 0.000 0.326 0.000   5.662 0.000  0.735 0.000   6.998 0.000  0.962 0.000
56.416779 56.569557  1.613 0.000 0.349 0.000   5.007 0.000  0.662 0.000   6.620 0.000  0.911 0.000
56.583446 56.736225  1.778 0.000 0.365 0.000   6.118 0.000  0.768 0.000   7.896 0.000  1.033 0.000
56.750113 56.902891  1.633 0.000 0.354 0.000   6.003 0.000  0.768 0.000   7.636 0.000  1.022 0.000
56.916780 57.069558  1.809 0.000 0.372 0.000   6.873 0.000  0.852 0.000   8.682 0.000  1.124 0.000
57.083447 57.236225  1.541 0.000 0.333 0.000   6.215 0.000  0.737 0.000   7.756 0.000  0.970 0.000
57.250113 57.402892  1.788 0.000 0.369 0.000   6.900 0.000  0.852 0.000   8.688 0.000  1.121 0.000
57.416781 57.569559  1.421 0.000 0.332 0.000   5.295 0.000  0.691 0.000   6.715 0.000  0.923 0.000
57.583448 57.736226  1.469 0.000 0.337 0.000   5.714 0.000  0.733 0.000   7.183 0.000  0.970 0.000
57.750115 57.902894  1.462 0.000 0.338 0.000   5.793 0.000  0.745 0.000   7.255 0.000  0.983 0.000
57.916782 58.069560  1.437 0.000 0.336 0.000   5.805 0.000  0.751 0.000   7.242 0.000  0.988 0.000
58.083449 58.236227  1.569 0.000 0.336 0.000   6.631 0.000  0.776 0.000   8.200 0.000  1.012 0.000
58.250116 58.402894 99.999 0.980 9.999 0.980 999.999 0.980 99.999 0.980 999.999 0.980 99.999 0.980
58.416784 58.569561 99.999 0.980 9.999 0.980 999.999 0.980 99.999 0.980 999.999 0.980 99.999 0.980
58.583450 58.736228 99.999 0.980 9.999 0.980 999.999 0.980 99.999 0.980 999.999 0.980 99.999 0.980
58.750117 58.902895  1.449 0.000 0.337 0.000   7.681 0.000  0.925 0.000   9.130 0.000  1.162 0.000
58.916784 59.069563  1.587 0.000 0.351 0.000   8.349 0.000  0.996 0.000   9.936 0.000  1.247 0.000
59.083451 59.236229  1.663 0.000 0.344 0.000   8.012 0.000  0.893 0.000   9.675 0.000  1.137 0.000
59.250118 59.402896  1.880 0.000 0.376 0.000   8.898 0.000  1.031 0.000  10.778 0.000  1.306 0.000
59.416785 59.569563  1.696 0.000 0.353 0.000   8.880 0.000  1.000 0.000  10.577 0.000  1.253 0.000
59.583453 59.736230  1.348 0.000 0.324 0.000   7.615 0.000  0.899 0.000   8.963 0.000  1.122 0.000
59.750119 59.902897  1.525 0.000 0.340 0.000   8.087 0.000  0.945 0.000   9.612 0.000  1.185 0.000
59.916786 60.069564  1.439 0.000 0.333 0.000   7.572 0.000  0.898 0.000   9.011 0.000  1.130 0.000
60.083453 60.236231  1.331 0.000 0.311 0.000   7.347 0.000  0.813 0.000   8.678 0.000  1.024 0.000
60.250120 60.402898  1.442 0.000 0.331 0.000   6.775 0.000  0.815 0.000   8.217 0.000  1.046 0.000
60.416787 60.569565  1.907 0.000 0.370 0.000   7.715 0.000  0.888 0.000   9.622 0.000  1.158 0.000
60.583454 60.736231  1.825 0.000 0.364 0.000   7.590 0.000  0.882 0.000   9.416 0.000  1.146 0.000
60.750122 60.902899  1.993 0.000 0.380 0.000   8.206 0.000  0.942 0.000  10.199 0.000  1.222 0.000
60.916788 61.069566  2.885 0.000 0.461 0.000  10.846 0.000  1.181 0.000  13.730 0.000  1.542 0.000
61.083455 61.236233  4.228 0.000 0.550 0.000  14.609 0.000  1.409 0.000  18.838 0.000  1.859 0.000
61.250122 61.402900  3.335 0.000 0.498 0.000  12.405 0.000  1.310 0.000  15.740 0.000  1.709 0.000
61.416789 61.569567  2.270 0.000 0.397 0.000   8.755 0.000  0.959 0.000  11.024 0.000  1.256 0.000
61.583456 61.736234  3.168 0.000 0.480 0.000  12.007 0.000  1.262 0.000  15.174 0.000  1.642 0.000
61.750123 61.902900  3.859 0.000 0.549 0.000  14.751 0.000  1.535 0.000  18.610 0.000  1.984 0.000
61.916791 62.069568  3.580 0.000 0.529 0.000  13.371 0.000  1.428 0.000  16.951 0.000  1.857 0.000
62.083457 62.236235  3.037 0.000 0.456 0.000  11.743 0.000  1.191 0.000  14.780 0.000  1.547 0.000
62.250124 62.402902  3.493 0.000 0.517 0.000  11.099 0.000  1.207 0.000  14.591 0.000  1.623 0.000
62.416791 62.569569  3.012 0.000 0.462 0.000  10.503 0.000  1.115 0.000  13.515 0.000  1.477 0.000
62.583458 62.736236  3.203 0.000 0.481 0.000  11.125 0.000  1.175 0.000  14.329 0.000  1.555 0.000
62.750125 62.902903  3.882 0.000 0.549 0.000  12.977 0.000  1.366 0.000  16.858 0.000  1.814 0.000
62.916792 63.069569  3.279 0.000 0.495 0.000  11.835 0.000  1.264 0.000  15.114 0.000  1.659 0.000
63.083459 63.236237  1.339 0.000 0.309 0.000   6.565 0.000  0.735 0.000   7.904 0.000  0.944 0.000
63.250126 63.402904  0.869 0.000 0.278 0.000   4.612 0.000  0.612 0.000   5.480 0.000  0.789 0.000
63.416793 63.569571  1.233 0.000 0.309 0.000   6.480 0.000  0.773 0.000   7.713 0.000  0.982 0.000
63.583459 63.736238  1.827 0.000 0.362 0.000   8.397 0.000  0.945 0.000  10.224 0.000  1.207 0.000
63.750127 63.902905  1.536 0.000 0.337 0.000   6.846 0.000  0.810 0.000   8.382 0.000  1.047 0.000
63.916794 64.069572  1.573 0.000 0.340 0.000   7.099 0.000  0.830 0.000   8.671 0.000  1.070 0.000
64.083461 64.236238  1.024 0.000 0.282 0.000   5.399 0.000  0.634 0.000   6.423 0.000  0.817 0.000
64.250128 64.402906  0.977 0.000 0.286 0.000   5.320 0.000  0.667 0.000   6.297 0.000  0.853 0.000
64.416795 64.569573  0.788 0.000 0.269 0.000   4.558 0.000  0.597 0.000   5.346 0.000  0.766 0.000
64.583462 64.736240  0.718 0.000 0.263 0.000   3.753 0.000  0.528 0.000   4.471 0.000  0.691 0.000
64.750128 64.902907  1.003 0.000 0.288 0.000   5.005 0.000  0.640 0.000   6.008 0.000  0.829 0.000
64.916796 65.069574  1.220 0.000 0.307 0.000   6.091 0.000  0.735 0.000   7.311 0.000  0.943 0.000
65.083463 65.236241  0.981 0.000 0.278 0.000   4.440 0.000  0.553 0.000   5.421 0.000  0.731 0.000
65.250130 65.402909  0.925 0.000 0.281 0.000   4.067 0.000  0.554 0.000   4.992 0.000  0.735 0.000
65.416797 65.569575  0.737 0.000 0.264 0.000   3.654 0.000  0.516 0.000   4.391 0.000  0.680 0.000
65.583464 65.736242  0.411 0.000 0.236 0.000   2.121 0.000  0.383 0.000   2.532 0.000  0.519 0.000
65.750131 65.902909  0.576 0.000 0.250 0.000   2.415 0.000  0.411 0.000   2.991 0.000  0.561 0.000
65.916797 66.069576  0.504 0.000 0.244 0.000   2.123 0.000  0.386 0.000   2.627 0.000  0.530 0.000
66.083465 66.236243  0.350 0.000 0.228 0.000   2.198 0.000  0.376 0.000   2.547 0.000  0.504 0.000
66.250132 66.402910  0.274 0.000 0.224 0.000   1.284 0.000  0.313 0.000   1.558 0.000  0.437 0.000
66.416799 66.569578  0.156 0.000 0.214 0.000   1.389 0.000  0.321 0.000   1.545 0.000  0.434 0.000
66.583466 66.736244  0.275 0.000 0.224 0.000   1.566 0.000  0.336 0.000   1.842 0.000  0.460 0.000
66.750133 66.902911  0.863 0.000 0.276 0.000   3.653 0.000  0.523 0.000   4.517 0.000  0.699 0.000
66.916800 67.069578  0.380 0.000 0.234 0.000   1.794 0.000  0.358 0.000   2.175 0.000  0.492 0.000
67.083466 67.236245  0.374 0.000 0.230 0.000   2.027 0.000  0.363 0.000   2.401 0.000  0.493 0.000
67.250134 67.402912  0.208 0.000 0.218 0.000   1.259 0.000  0.311 0.000   1.467 0.000  0.430 0.000
67.416801 67.569579  0.490 0.000 0.243 0.000   1.992 0.000  0.374 0.000   2.482 0.000  0.517 0.000
67.583468 67.736247  0.552 0.000 0.248 0.000   2.387 0.000  0.409 0.000   2.938 0.000  0.557 0.000
67.750135 67.902913  0.586 0.000 0.252 0.000   2.930 0.000  0.458 0.000   3.515 0.000  0.610 0.000
67.916802 68.069580  0.613 0.000 0.254 0.000   3.309 0.000  0.492 0.000   3.922 0.000  0.646 0.000
68.083469 68.236247  0.486 0.000 0.239 0.000   2.820 0.000  0.426 0.000   3.306 0.000  0.566 0.000
68.250137 68.402914  0.589 0.000 0.252 0.000   2.373 0.000  0.408 0.000   2.962 0.000  0.559 0.000
68.416803 68.569581  0.427 0.000 0.236 0.000   3.130 0.000  0.465 0.000   3.557 0.000  0.601 0.000
68.583470 68.736248  0.648 0.000 0.255 0.000   4.128 0.000  0.551 0.000   4.776 0.000  0.707 0.000
68.750137 68.902916  0.724 0.000 0.263 0.000   3.591 0.000  0.513 0.000   4.315 0.000  0.676 0.000
68.916804 69.069582  0.951 0.000 0.275 0.000   4.642 0.000  0.568 0.000   5.593 0.000  0.743 0.000
69.083471 69.236249  0.830 0.000 0.271 0.000   4.632 0.000  0.597 0.000   5.462 0.000  0.768 0.000
69.250138 69.402916  0.478 0.000 0.240 0.000   3.460 0.000  0.489 0.000   3.938 0.000  0.629 0.000
69.416806 69.569583  0.615 0.000 0.252 0.000   3.450 0.000  0.493 0.000   4.065 0.000  0.645 0.000
69.583472 69.736250  0.759 0.000 0.266 0.000   4.355 0.000  0.576 0.000   5.114 0.000  0.742 0.000
69.750139 69.902917  0.696 0.000 0.260 0.000   3.953 0.000  0.542 0.000   4.649 0.000  0.703 0.000
69.916806 70.069584  0.758 0.000 0.258 0.000   2.441 0.000  0.386 0.000   3.199 0.000  0.544 0.000
70.083473 70.236251  0.663 0.000 0.255 0.000   3.447 0.000  0.485 0.000   4.111 0.000  0.640 0.000
70.250140 70.402918 99.999 0.980 9.999 0.980 999.999 0.980 99.999 0.980 999.999 0.980 99.999 0.980
70.416807 70.569584  0.272 0.000 0.213 0.000   1.747 0.000  0.339 0.000   2.019 0.000  0.457 0.000
70.583475 70.736252  0.243 0.000 0.211 0.000   1.895 0.000  0.353 0.000   2.138 0.000  0.469 0.000
70.750141 70.902919  0.162 0.000 0.204 0.000   1.284 0.000  0.301 0.000   1.446 0.000  0.410 0.000
70.916808 71.069586 99.999 0.999 9.999 0.999 999.999 0.999 99.999 0.999 999.999 0.999 99.999 0.999
71.083475 71.236253  0.150 0.000 0.203 0.000   1.178 0.000  0.292 0.000   1.328 0.000  0.399 0.000
71.250142 71.402920  0.159 0.000 0.204 0.000   1.323 0.000  0.303 0.000   1.482 0.000  0.411 0.000
71.416809 71.569587  0.266 0.000 0.213 0.000   1.931 0.000  0.356 0.000   2.197 0.000  0.473 0.000
71.583476 71.736253  0.311 0.000 0.217 0.000   2.322 0.000  0.392 0.000   2.633 0.000  0.514 0.000
71.750144 71.902921  0.218 0.000 0.209 0.000   1.262 0.000  0.300 0.000   1.480 0.000  0.414 0.000
71.916810 72.069588  0.079 0.780 0.196 0.000   0.523 0.000  0.232 0.000   0.602 0.000  0.333 0.000
72.083477 72.236255  0.083 0.780 0.197 0.000   0.537 0.000  0.238 0.000   0.620 0.000  0.340 0.000
72.250144 72.402922  0.169 0.000 0.205 0.000   0.996 0.000  0.278 0.000   1.165 0.000  0.388 0.000
72.416811 72.569589  0.369 0.000 0.222 0.000   1.748 0.000  0.344 0.000   2.117 0.000  0.471 0.000
72.583478 72.736256  0.581 0.000 0.242 0.000   2.462 0.000  0.409 0.000   3.043 0.000  0.555 0.000
72.750145 72.902922  0.778 0.000 0.258 0.000   3.385 0.000  0.487 0.000   4.163 0.000  0.650 0.000
72.916812 73.069590  0.786 0.000 0.254 0.000   3.717 0.000  0.491 0.000   4.503 0.000  0.649 0.000
73.083479 73.236257 99.999 0.699 9.999 0.699 999.999 0.699 99.999 0.699 999.999 0.699 99.999 0.699
73.250146 73.402924 99.999 0.999 9.999 0.999 999.999 0.999 99.999 0.999 999.999 0.999 99.999 0.999
73.416812 73.569591  0.617 0.000 0.243 0.000   3.005 0.000  0.450 0.000   3.622 0.000  0.598 0.000
73.583480 73.736258  0.490 0.000 0.233 0.000   2.656 0.000  0.422 0.000   3.147 0.000  0.560 0.000
73.750147 73.902925  0.554 0.000 0.238 0.000   3.000 0.000  0.452 0.000   3.554 0.000  0.595 0.000
73.916814 74.069591  0.598 0.000 0.237 0.000   3.588 0.000  0.474 0.000   4.185 0.000  0.616 0.000
