ebas_test_data/CZ0003R.20180101020000.20190510000000.online_thermal-optical_analysis.oc.pm25.74d.4h.CZ06L_CG_Sunset_Lab_OCEC_Analyzer..lev2.nas
98 1001
Mbengue, Saliou; Holoubek, Ivan
CZ06L, "Global Change Research Centre AS CR, v.v.i.", , , Belidla 4a, , 603 00, Brno, Czech Republic
Mbengue, Saliou
ACTRIS EMEP GAW-WDCA
1 1
2018 01 01 2019 05 10
0.166667
days from file reference point
13
1 1 1 1 1 1 1 1 1 1 1 1 1
99.999999 99.999 9.999 9.999 9.999 999.999 9.999 99.999 9.999 999.999 9.999 99.999 9.999
end_time of measurement, days from the file reference point
elemental_carbon, ug C/m3, Statistics=arithmetic mean, Detection limit=0.113 ug C/m3
numflag elemental_carbon, no unit, Statistics=arithmetic mean, Detection limit=0.113 ug C/m3
elemental_carbon, ug C/m3, Statistics=uncertainty
numflag elemental_carbon, no unit, Statistics=uncertainty
organic_carbon, ug C/m3, Statistics=arithmetic mean, Detection limit=0.113 ug C/m3
numflag organic_carbon, no unit, Statistics=arithmetic mean, Detection limit=0.113 ug C/m3
organic_carbon, ug C/m3, Statistics=uncertainty
numflag organic_carbon, no unit, Statistics=uncertainty
total_carbon, ug C/m3, Statistics=arithmetic mean, Detection limit=0.113 ug C/m3
numflag total_carbon, no unit, Statistics=arithmetic mean, Detection limit=0.113 ug C/m3
total_carbon, ug C/m3, Statistics=uncertainty
numflag total_carbon, no unit, Statistics=uncertainty
0
71
Data definition:              EBAS_1.1
Set type code:                TI
Timezone:                     UTC
File name:                    CZ0003R.20180101020000.20190510000000.online_thermal-optical_analysis..pm25.74d.4h.CZ06L_CG_Sunset_Lab_OCEC_Analyzer.CZ06L_thermal-optical_analysis_EUSAAR_2.lev2.nas
File creation:                20220221214857394943
Export state:                 20220221214854480000
Export filter:                exclude-900,exclude-invalid
Startdate:                    20180101020000
Revision date:                20190510000000
Version:                      1
Version description:          initial revision, manually inspected
Data level:                   2
Period code:                  74d
Resolution code:              4h
Sample duration:              220mn
Orig. time res.:              4h
Station code:                 CZ0003R
Platform code:                CZ0003S
Station name:                 Kosetice (NOAK)
Station WDCA-ID:              GAWACZ__KOS
Station GAW-ID:               KOS
Station GAW-Name:             Kosetice Observatory
Station land use:             Agricultural
Station setting:              Rural
Station GAW type:             R
Station WMO region:           6
Station latitude:             49.573394
Station longitude:            15.080278
Station altitude:             535.0 m
Measurement latitude:         49.58333
Measurement longitude:        15.08333
Measurement altitude:         538.0 m
Measurement height:           4.0 m
Regime:                       IMG
Component:                    
Unit:                         ug C/m3
Matrix:                       pm25
Laboratory code:              CZ06L
Instrument type:              online_thermal-optical_analysis
Instrument name:              CG_Sunset_Lab_OCEC_Analyzer
Instrument manufacturer:      Sunset Laboratory
Instrument model:             Model-4 Semi-Continuous Field Analyzer
Instrument serial number:     3197
Method ref:                   CZ06L_thermal-optical_analysis_EUSAAR_2
Standard method:              TEMP=EUSAAR_2
[...]
Filter conditioning:          None
Sample preparation:           None
Blank correction:             Not blank corrected
Artifact correction:          Positive only
Artifact correction description: Carbon parallel-plate diffusion denuder (from Sunset Lab.)
Charring correction:          By laser transmission
Humidity/temperature control: None
Volume std. temperature:      ambient
Volume std. pressure:         ambient
Detection limit expl.:        0.113 ug C/m3
Measurement uncertainty expl.: Measurement uncertainty includes quantifiable uncertainty
Zero/negative values code:    Zero/negative possible
Zero/negative values:         Zero/negative values reported as measured if within detection limit, flagged with 780
Originator:                   Mbengue, Saliou, mbengue.s@czechglobe.cz, Global Change Research Institute of the Czech Academy of Sciences, GCRI, Department of Atmospheric Fluxes and Long-range Transport, Belidla 986/4a, , 603 00, Brno, Czech Republic
Originator:                   Holoubek, Ivan, holoubek.i@czechglobe.cz, Global Change Research Institute of the Czech Academy of Sciences, GCRI, Department of Atmospheric Fluxes and Long-range Transport, Belidla 986/4a, , 603 00, Brno, Czech Republic
Submitter:                    Mbengue, Saliou, mbengue.s@czechglobe.cz, Global Change Research Institute of the Czech Academy of Sciences, GCRI, Department of Atmospheric Fluxes and Long-range Transport, Belidla 986/4a, , 603 00, Brno, Czech Republic
Acknowledgement:              Request acknowledgement details from data originator
starttime endtime EC flag_EC EC flag_EC OC flag_OC OC flag_OC TC flag_TC TC flag_TC
 0.083333  0.236111  0.417 0.000 0.109 0.000   1.609 0.000  0.203 0.000   2.026 0.000  0.274 0.000
 0.250000  0.402778  0.429 0.000 0.113 0.000   1.513 0.000  0.208 0.000   1.942 0.000  0.283 0.000
 0.416667  0.569444  0.115 0.000 0.086 0.000   0.943 0.000  0.158 0.000   1.059 0.000  0.206 0.000
 0.583334  0.736112  0.263 0.000 0.099 0.000   1.546 0.000  0.211 0.000   1.809 0.000  0.272 0.000
 0.750001  0.902779  0.825 0.000 0.149 0.000   3.200 0.000  0.360 0.000   4.025 0.000  0.471 0.000
 0.916668  1.069446  0.515 0.000 0.121 0.000   2.159 0.000  0.267 0.000   2.674 0.000  0.350 0.000
 1.083334  1.236113  0.188 0.000 0.091 0.000   1.184 0.000  0.170 0.000   1.371 0.000  0.223 0.000
 1.250002  1.402780  0.159 0.000 0.090 0.000   1.212 0.000  0.183 0.000   1.371 0.000  0.234 0.000
 1.416669  1.569447  0.243 0.000 0.097 0.000   1.221 0.000  0.184 0.000   1.463 0.000  0.243 0.000
 1.583336  1.736113  0.346 0.000 0.106 0.000   1.586 0.000  0.216 0.000   1.932 0.000  0.285 0.000
 1.750003  1.902781  0.392 0.000 0.111 0.000   2.209 0.000  0.273 0.000   2.601 0.000  0.346 0.000
 1.916670  2.069448  0.307 0.000 0.103 0.000   1.380 0.000  0.199 0.000   1.687 0.000  0.264 0.000
 2.083337  2.236115  0.234 0.000 0.095 0.000   1.254 0.000  0.177 0.000   1.488 0.000  0.234 0.000
 2.250003  2.402782  0.292 0.000 0.101 0.000   1.123 0.000  0.175 0.000   1.415 0.000  0.238 0.000
 2.416671  2.569449  0.259 0.000 0.098 0.000   1.330 0.000  0.191 0.000   1.589 0.000  0.251 0.000
 2.583338  2.736116  0.237 0.000 0.096 0.000   1.326 0.000  0.191 0.000   1.563 0.000  0.249 0.000
 2.750005  2.902784  0.338 0.000 0.105 0.000   1.251 0.000  0.185 0.000   1.590 0.000  0.252 0.000
 2.916672  3.069450  0.164 0.000 0.090 0.000   0.884 0.000  0.153 0.000   1.049 0.000  0.205 0.000
 3.083339  3.236117 99.999 0.699 9.999 0.699 999.999 0.699 99.999 0.699 999.999 0.699 99.999 0.699
 3.250006  3.402784  0.135 0.000 0.088 0.000   0.808 0.000  0.146 0.000   0.943 0.000  0.196 0.000
 3.416672  3.569451  0.302 0.000 0.102 0.000   1.913 0.000  0.242 0.000   2.215 0.000  0.307 0.000
 3.583340  3.736118  0.637 0.000 0.131 0.000   2.549 0.000  0.298 0.000   3.186 0.000  0.391 0.000
 3.750007  3.902785  0.291 0.000 0.101 0.000   1.416 0.000  0.199 0.000   1.707 0.000  0.262 0.000
 3.916674  4.069453  0.133 0.000 0.087 0.000   1.098 0.000  0.171 0.000   1.231 0.000  0.220 0.000
 4.083341  4.236119  0.194 0.000 0.091 0.000   1.627 0.000  0.204 0.000   1.821 0.000  0.257 0.000
 4.250008  4.402786  0.424 0.000 0.113 0.000   1.279 0.000  0.187 0.000   1.703 0.000  0.262 0.000
 4.416675  4.569453  0.530 0.000 0.122 0.000   3.090 0.000  0.343 0.000   3.620 0.000  0.427 0.000
 4.583341  4.736120  0.739 0.000 0.140 0.000   3.324 0.000  0.363 0.000   4.063 0.000  0.465 0.000
 4.750009  4.902787  0.785 0.000 0.144 0.000   3.365 0.000  0.369 0.000   4.150 0.000  0.475 0.000
 4.916676  5.069454  0.610 0.000 0.129 0.000   2.979 0.000  0.335 0.000   3.589 0.000  0.426 0.000
 5.083343  5.236122  0.316 0.000 0.101 0.000   1.948 0.000  0.230 0.000   2.265 0.000  0.293 0.000
 5.250010  5.402788  0.373 0.000 0.108 0.000   2.007 0.000  0.251 0.000   2.380 0.000  0.322 0.000
 5.416677  5.569455  0.330 0.000 0.104 0.000   2.110 0.000  0.255 0.000   2.441 0.000  0.321 0.000
 5.583344  5.736122  1.388 0.000 0.196 0.000   6.960 0.000  0.680 0.000   8.349 0.000  0.839 0.000
 5.750012  5.902789  0.850 0.000 0.151 0.000   4.111 0.000  0.438 0.000   4.961 0.000  0.551 0.000
 5.916678  6.069456  0.658 0.000 0.134 0.000   3.285 0.000  0.365 0.000   3.943 0.000  0.461 0.000
 6.083345  6.236123  0.685 0.000 0.131 0.000   3.876 0.000  0.387 0.000   4.561 0.000  0.480 0.000
 6.250012  6.402791  1.154 0.000 0.178 0.000   5.466 0.000  0.561 0.000   6.621 0.000  0.702 0.000
 6.416679  6.569457  1.594 0.000 0.218 0.000   6.446 0.000  0.649 0.000   8.040 0.000  0.829 0.000
 6.583346  6.736124  1.228 0.000 0.185 0.000   5.338 0.000  0.553 0.000   6.566 0.000  0.700 0.000
 6.750013  6.902791  0.991 0.000 0.165 0.000   4.421 0.000  0.472 0.000   5.411 0.000  0.599 0.000
 6.916681  7.069458  0.639 0.000 0.133 0.000   3.068 0.000  0.352 0.000   3.707 0.000  0.447 0.000
 7.083347  7.236125  0.054 0.780 0.123 0.532   2.150 0.532  0.295 0.532   3.259 0.532  0.381 0.532
 7.250014  7.402792  0.718 0.000 0.141 0.000   3.294 0.000  0.373 0.000   4.012 0.000  0.476 0.000
 7.416681  7.569459  0.707 0.000 0.139 0.000   3.743 0.000  0.412 0.000   4.450 0.000  0.514 0.000
 7.583348  7.736126  0.731 0.000 0.141 0.000   3.874 0.000  0.424 0.000   4.604 0.000  0.527 0.000
 7.750015  7.902793  1.075 0.000 0.172 0.000   4.418 0.000  0.473 0.000   5.493 0.000  0.607 0.000
 7.916682  8.069459  1.346 0.000 0.196 0.000   5.375 0.000  0.556 0.000   6.721 0.000  0.714 0.000
 8.083350  8.236127 -0.321 0.780 0.142 0.532   3.480 0.532  0.449 0.532   5.455 0.532  0.554 0.532
 8.250016  8.402794  0.650 0.000 0.133 0.000   3.824 0.000  0.414 0.000   4.475 0.000  0.509 0.000
 8.416683  8.569461  0.709 0.000 0.138 0.000   3.552 0.000  0.389 0.000   4.261 0.000  0.489 0.000
 8.583350  8.736128  0.774 0.000 0.144 0.000   3.860 0.000  0.416 0.000   4.634 0.000  0.523 0.000
 8.750017  8.902795  0.844 0.000 0.150 0.000   4.056 0.000  0.434 0.000   4.900 0.000  0.546 0.000
 8.916684  9.069462  1.062 0.000 0.169 0.000   5.022 0.000  0.519 0.000   6.084 0.000  0.651 0.000
 9.083351  9.236128  0.114 0.780 0.157 0.532   4.241 0.532  0.489 0.532   6.160 0.532  0.609 0.532
 9.250019  9.402796  0.669 0.000 0.135 0.000   3.571 0.000  0.392 0.000   4.240 0.000  0.489 0.000
 9.416685  9.569463  0.429 0.000 0.114 0.000   3.328 0.000  0.370 0.000   3.757 0.000  0.446 0.000
 9.583352  9.736130  0.439 0.000 0.115 0.000   2.991 0.000  0.341 0.000   3.430 0.000  0.417 0.000
 9.750019  9.902797  1.131 0.000 0.176 0.000   5.345 0.000  0.550 0.000   6.475 0.000  0.688 0.000
 9.916686 10.069464  1.175 0.000 0.180 0.000   4.855 0.000  0.506 0.000   6.030 0.000  0.648 0.000
10.083353 10.236131 -0.008 0.780 0.155 0.532   3.115 0.532  0.407 0.532   5.080 0.532  0.523 0.532
10.250020 10.402797  0.922 0.000 0.158 0.000   4.300 0.000  0.457 0.000   5.222 0.000  0.577 0.000
10.416688 10.569465  0.599 0.000 0.128 0.000   2.955 0.000  0.335 0.000   3.553 0.000  0.425 0.000
10.583354 10.736132  0.622 0.000 0.131 0.000   3.097 0.000  0.351 0.000   3.719 0.000  0.444 0.000
10.750021 10.902799  0.975 0.000 0.163 0.000   4.505 0.000  0.479 0.000   5.480 0.000  0.604 0.000
10.916688 11.069466  0.952 0.000 0.161 0.000   4.514 0.000  0.481 0.000   5.466 0.000  0.604 0.000
11.083355 11.236133  0.646 0.000 0.129 0.000   3.346 0.000  0.349 0.000   3.992 0.000  0.440 0.000
11.250022 11.402800  0.704 0.000 0.139 0.000   3.119 0.000  0.357 0.000   3.822 0.000  0.458 0.000
11.416689 11.569466  1.543 0.000 0.214 0.000   5.495 0.000  0.570 0.000   7.037 0.000  0.746 0.000
11.583356 11.736134  1.979 0.000 0.254 0.000   6.221 0.000  0.637 0.000   8.200 0.000  0.853 0.000
11.750023 11.902801  2.137 0.000 0.269 0.000   6.802 0.000  0.691 0.000   8.939 0.000  0.922 0.000
11.916690 12.069468  1.459 0.000 0.208 0.000   4.598 0.000  0.492 0.000   6.058 0.000  0.662 0.000
12.083356 12.236135  1.278 0.000 0.181 0.000   3.994 0.000  0.406 0.000   5.272 0.000  0.549 0.000
12.250024 12.402802  1.056 0.000 0.172 0.000   3.745 0.000  0.417 0.000   4.801 0.000  0.552 0.000
12.416691 12.569469  0.666 0.000 0.137 0.000   3.677 0.000  0.411 0.000   4.344 0.000  0.510 0.000
12.583358 12.736137  0.680 0.000 0.138 0.000   3.511 0.000  0.396 0.000   4.191 0.000  0.496 0.000
12.750025 12.902803  1.461 0.000 0.209 0.000   5.533 0.000  0.581 0.000   6.994 0.000  0.752 0.000
12.916692 13.069470  1.519 0.000 0.214 0.000   6.099 0.000  0.632 0.000   7.618 0.000  0.808 0.000
13.083359 13.236137  0.638 0.532 0.172 0.532   4.591 0.532  0.499 0.532   6.273 0.532  0.633 0.532
13.250025 13.402804  1.079 0.000 0.174 0.000   4.248 0.000  0.463 0.000   5.327 0.000  0.600 0.000
13.416693 13.569471  0.693 0.000 0.139 0.000   3.363 0.000  0.382 0.000   4.055 0.000  0.483 0.000
13.583360 13.736138  0.419 0.000 0.114 0.000   2.121 0.000  0.269 0.000   2.540 0.000  0.345 0.000
13.750027 13.902806  0.416 0.000 0.114 0.000   2.273 0.000  0.283 0.000   2.689 0.000  0.359 0.000
13.916694 14.069472  0.384 0.000 0.111 0.000   2.561 0.000  0.310 0.000   2.945 0.000  0.383 0.000
14.083361 14.236139  0.425 0.000 0.111 0.000   2.422 0.000  0.277 0.000   2.847 0.000  0.351 0.000
14.250028 14.402806  0.410 0.000 0.113 0.000   3.020 0.000  0.352 0.000   3.430 0.000  0.428 0.000
14.416694 14.569473  0.669 0.000 0.137 0.000   5.026 0.000  0.534 0.000   5.695 0.000  0.633 0.000
14.583362 14.736140  0.530 0.000 0.124 0.000   2.867 0.000  0.336 0.000   3.397 0.000  0.423 0.000
14.750029 14.902807  0.456 0.000 0.117 0.000   2.444 0.000  0.298 0.000   2.900 0.000  0.377 0.000
14.916696 15.069475  0.488 0.000 0.120 0.000   2.937 0.000  0.341 0.000   3.425 0.000  0.423 0.000
15.083363 15.236141  0.576 0.000 0.123 0.000   3.344 0.000  0.349 0.000   3.920 0.000  0.434 0.000
15.250030 15.402808  0.545 0.000 0.124 0.000   3.472 0.000  0.385 0.000   4.017 0.000  0.471 0.000
15.416697 15.569475  0.515 0.000 0.121 0.000   3.389 0.000  0.373 0.000   3.903 0.000  0.456 0.000
15.583363 15.736142  0.417 0.000 0.112 0.000   2.133 0.000  0.262 0.000   2.551 0.000  0.336 0.000
15.750031 15.902809  0.299 0.000 0.102 0.000   1.775 0.000  0.231 0.000   2.074 0.000  0.295 0.000
15.916698 16.069476  0.181 0.000 0.092 0.000   1.123 0.000  0.175 0.000   1.304 0.000  0.228 0.000
16.083365 16.236144  0.098 0.780 0.084 0.000   1.027 0.000  0.158 0.000   1.125 0.000  0.204 0.000
16.250032 16.402810  0.292 0.000 0.102 0.000   1.349 0.000  0.195 0.000   1.642 0.000  0.258 0.000
16.416699 16.569477  0.149 0.000 0.089 0.000   1.253 0.000  0.186 0.000   1.401 0.000  0.237 0.000
16.583366 16.736144  0.244 0.000 0.097 0.000   0.897 0.000  0.156 0.000   1.141 0.000  0.215 0.000
16.750034 16.902811  0.370 0.000 0.109 0.000   1.511 0.000  0.211 0.000   1.881 0.000  0.282 0.000
16.916700 17.069478  0.234 0.000 0.097 0.000   1.005 0.000  0.165 0.000   1.239 0.000  0.224 0.000
17.083367 17.236145 -0.391 0.780 0.106 0.532   0.508 0.532  0.179 0.532   1.637 0.532  0.247 0.532
17.250034 17.402812  0.393 0.000 0.111 0.000   1.241 0.000  0.186 0.000   1.634 0.000  0.259 0.000
17.416701 17.569479  0.477 0.000 0.118 0.000   1.499 0.000  0.208 0.000   1.976 0.000  0.288 0.000
17.583368 17.736146  0.414 0.000 0.112 0.000   1.576 0.000  0.212 0.000   1.990 0.000  0.286 0.000
17.750035 17.902812  0.208 0.000 0.094 0.000   1.022 0.000  0.165 0.000   1.230 0.000  0.221 0.000
17.916703 18.069480  0.184 0.000 0.092 0.000   1.495 0.000  0.207 0.000   1.679 0.000  0.261 0.000
18.083369 18.236147  0.145 0.000 0.087 0.000   1.343 0.000  0.184 0.000   1.488 0.000  0.234 0.000
18.250036 18.402814  0.262 0.000 0.099 0.000   1.371 0.000  0.198 0.000   1.633 0.000  0.259 0.000
18.416703 18.569481  0.299 0.000 0.102 0.000   1.757 0.000  0.232 0.000   2.056 0.000  0.296 0.000
18.583370 18.736148  0.359 0.000 0.108 0.000   1.543 0.000  0.213 0.000   1.903 0.000  0.283 0.000
18.750037 18.902815  0.460 0.000 0.117 0.000   1.715 0.000  0.229 0.000   2.175 0.000  0.308 0.000
18.916704 19.069481  0.360 0.000 0.108 0.000   2.060 0.000  0.260 0.000   2.419 0.000  0.331 0.000
19.083372 19.236149  0.354 0.000 0.105 0.000   1.706 0.000  0.215 0.000   2.060 0.000  0.282 0.000
19.250038 19.402816  0.291 0.000 0.102 0.000   1.316 0.000  0.194 0.000   1.607 0.000  0.258 0.000
19.416705 19.569483  0.406 0.000 0.112 0.000   1.943 0.000  0.249 0.000   2.348 0.000  0.324 0.000
19.583372 19.736150  0.622 0.000 0.131 0.000   2.805 0.000  0.326 0.000   3.428 0.000  0.420 0.000
19.750039 19.902817  0.812 0.000 0.148 0.000   3.327 0.000  0.373 0.000   4.139 0.000  0.484 0.000
19.916706 20.069484  0.748 0.000 0.142 0.000   3.162 0.000  0.357 0.000   3.910 0.000  0.462 0.000
20.083373 20.236150  0.546 0.000 0.120 0.000   2.556 0.000  0.283 0.000   3.102 0.000  0.365 0.000
20.250041 20.402818  0.526 0.000 0.123 0.000   3.015 0.000  0.346 0.000   3.541 0.000  0.431 0.000
20.416707 20.569485  0.536 0.000 0.124 0.000   3.035 0.000  0.348 0.000   3.571 0.000  0.434 0.000
20.583374 20.736152  1.047 0.000 0.170 0.000   4.629 0.000  0.494 0.000   5.676 0.000  0.626 0.000
20.750041 20.902819  0.731 0.000 0.142 0.000   3.646 0.000  0.407 0.000   4.377 0.000  0.511 0.000
20.916708 21.069486  0.538 0.000 0.125 0.000   2.933 0.000  0.343 0.000   3.472 0.000  0.430 0.000
21.083375 21.236153  0.542 0.000 0.121 0.000   2.645 0.000  0.296 0.000   3.187 0.000  0.379 0.000
21.250042 21.402819  0.914 0.000 0.159 0.000   3.865 0.000  0.427 0.000   4.779 0.000  0.548 0.000
21.416709 21.569487  1.223 0.000 0.185 0.000   5.029 0.000  0.524 0.000   6.252 0.000  0.671 0.000
21.583376 21.736154  1.148 0.000 0.179 0.000   4.649 0.000  0.494 0.000   5.797 0.000  0.635 0.000
21.750043 21.902821  1.441 0.000 0.206 0.000   5.280 0.000  0.554 0.000   6.722 0.000  0.722 0.000
21.916709 22.069488  1.218 0.000 0.186 0.000   5.458 0.000  0.568 0.000   6.676 0.000  0.716 0.000
22.083377 22.236155 -0.014 0.780 0.116 0.532   1.700 0.532  0.256 0.532   2.709 0.532  0.335 0.532
22.250044 22.402822  0.401 0.000 0.112 0.000   1.623 0.000  0.222 0.000   2.024 0.000  0.296 0.000
22.416711 22.569488  0.424 0.000 0.114 0.000   1.854 0.000  0.242 0.000   2.277 0.000  0.318 0.000
22.583378 22.736156  0.598 0.000 0.130 0.000   3.070 0.000  0.352 0.000   3.668 0.000  0.444 0.000
22.750045 22.902823  0.659 0.000 0.135 0.000   2.980 0.000  0.345 0.000   3.639 0.000  0.442 0.000
22.916712 23.069490  0.608 0.000 0.131 0.000   2.798 0.000  0.328 0.000   3.406 0.000  0.421 0.000
23.083378 23.236157  0.459 0.000 0.113 0.000   1.923 0.000  0.233 0.000   2.382 0.000  0.309 0.000
23.250046 23.402824  0.481 0.000 0.119 0.000   1.665 0.000  0.225 0.000   2.147 0.000  0.306 0.000
23.416713 23.569491  0.520 0.000 0.122 0.000   2.345 0.000  0.284 0.000   2.866 0.000  0.369 0.000
23.583380 23.736159  0.531 0.000 0.123 0.000   2.640 0.000  0.308 0.000   3.171 0.000  0.393 0.000
23.750047 23.902825  0.989 0.000 0.164 0.000   3.863 0.000  0.420 0.000   4.852 0.000  0.547 0.000
23.916714 24.069492  1.081 0.000 0.173 0.000   4.574 0.000  0.486 0.000   5.655 0.000  0.621 0.000
24.083381 24.236159  0.191 0.532 0.163 0.532   4.126 0.532  0.485 0.532   6.062 0.532  0.610 0.532
24.250047 24.402826  0.957 0.000 0.161 0.000   4.623 0.000  0.489 0.000   5.580 0.000  0.613 0.000
24.416715 24.569493  0.863 0.000 0.151 0.000   5.041 0.000  0.513 0.000   5.904 0.000  0.626 0.000
24.583382 24.736160  1.170 0.000 0.180 0.000   5.945 0.000  0.606 0.000   7.115 0.000  0.748 0.000
24.750049 24.902828  1.355 0.000 0.198 0.000   6.395 0.000  0.651 0.000   7.750 0.000  0.811 0.000
24.916716 25.069494  1.260 0.000 0.189 0.000   6.365 0.000  0.647 0.000   7.625 0.000  0.798 0.000
25.083383 25.236161  1.161 0.000 0.171 0.000   6.159 0.000  0.581 0.000   7.320 0.000  0.714 0.000
25.250050 25.402828  1.031 0.000 0.169 0.000   5.831 0.000  0.602 0.000   6.862 0.000  0.733 0.000
25.416716 25.569495 99.999 0.980 9.999 0.980 999.999 0.980 99.999 0.980 999.999 0.980 99.999 0.980
25.583384 25.736162 99.999 0.980 9.999 0.980 999.999 0.980 99.999 0.980 999.999 0.980 99.999 0.980
25.750051 25.902829  1.668 0.000 0.351 0.000   8.669 0.000  0.984 0.000  10.338 0.000  1.235 0.000
25.916718 26.069497  1.419 0.000 0.330 0.000   7.432 0.000  0.878 0.000   8.851 0.000  1.108 0.000
26.083385 26.236163  1.306 0.000 0.308 0.000   7.115 0.000  0.791 0.000   8.420 0.000  0.999 0.000
26.250052 26.402830  1.155 0.000 0.305 0.000   5.473 0.000  0.699 0.000   6.628 0.000  0.905 0.000
26.416719 26.569497  1.494 0.000 0.336 0.000   6.643 0.000  0.804 0.000   8.137 0.000  1.039 0.000
26.583387 26.736164  1.769 0.000 0.361 0.000   8.278 0.000  0.951 0.000  10.047 0.000  1.212 0.000
26.750053 26.902831  2.357 0.000 0.414 0.000   9.887 0.000  1.100 0.000  12.244 0.000  1.414 0.000
