ebas_test_data/CZ0003R.20171114220026.20191011111133.online_thermal-optical_analysis.oc.pm25.47d.4h.CZ06L_CG_Sunset_Lab_OCEC_Analyzer..lev2.nas
109 1001
Mbengue, Saliou; Holoubek, Ivan
CZ06L, "Global Change Research Centre AS CR, v.v.i.", , , Belidla 4a, , 603 00, Brno, Czech Republic
Mbengue, Saliou
ACTRIS EMEP GAW-WDCA
1 1
2017 01 01 2019 10 11
0.166667
days from file reference point
23
1 1 1 1 1 1 1 1 1 1 1 1 1 1 1 1 1 1 1 1 1 1 1
999.999999 99.999 9.999 9.999 9.999 99.999 9.999 9.999 9.999 99.999 9.999 9.999 9.999 99.999 9.999 99.999 9.999 9.999 9.999 99.999 9.999 9.999 9.999
end_time of measurement, days from the file reference point
elemental_carbon, ug C/m3, Detection limit=0.113 ug C/m3
numflag elemental_carbon, no unit, Detection limit=0.113 ug C/m3
elemental_carbon, ug C/m3, Statistics=uncertainty
numflag elemental_carbon, no unit, Statistics=uncertainty
organic_carbon, ug C/m3, Detection limit=0.113 ug C/m3
numflag organic_carbon, no unit, Detection limit=0.113 ug C/m3
organic_carbon, ug C/m3, Statistics=uncertainty
numflag organic_carbon, no unit, Statistics=uncertainty
organic_carbon, ug C/m3, Fraction=OC1, Revision date=20191011111133
numflag organic_carbon, no unit, Fraction=OC1, Revision date=20191011111133
organic_carbon, ug C/m3, Fraction=OC2, Revision date=20191011111133
numflag organic_carbon, no unit, Fraction=OC2, Revision date=20191011111133
organic_carbon, ug C/m3, Fraction=OC3, Revision date=20191011111133
numflag organic_carbon, no unit, Fraction=OC3, Revision date=20191011111133
organic_carbon, ug C/m3, Fraction=OC4, Revision date=20191011111133
numflag organic_carbon, no unit, Fraction=OC4, Revision date=20191011111133
organic_carbon, ug C/m3, Fraction=OCPyr, Revision date=20191011111133
numflag organic_carbon, no unit, Fraction=OCPyr, Revision date=20191011111133
total_carbon, ug C/m3, Detection limit=0.113 ug C/m3
numflag total_carbon, no unit, Detection limit=0.113 ug C/m3
total_carbon, ug C/m3, Statistics=uncertainty
numflag total_carbon, no unit, Statistics=uncertainty
0
72
Data definition:              EBAS_1.1
Set type code:                TI
Timezone:                     UTC
File name:                    CZ0003R.20171114220026.20191011111133.online_thermal-optical_analysis.organic_carbon.pm25.47d.4h.CZ06L_CG_Sunset_Lab_OCEC_Analyzer.CZ06L_thermal-optical_analysis_EUSAAR_2.lev2.nas
File creation:                20220221214857277378
Export state:                 20220221214854480000
Export filter:                exclude-900,exclude-invalid
Startdate:                    20171114220026
Revision date:                20191011111133
Version:                      1
Version description:          initial revision, manually inspected
Statistics:                   arithmetic mean
Data level:                   2
Period code:                  47d
Resolution code:              4h
Sample duration:              4h
Orig. time res.:              4h
Station code:                 CZ0003R
Platform code:                CZ0003S
Station name:                 Kosetice (NOAK)
Station WDCA-ID:              GAWACZ__KOS
Station GAW-ID:               KOS
Station GAW-Name:             Kosetice Observatory
Station land use:             Agricultural
Station setting:              Rural
Station GAW type:             R
Station WMO region:           6
Station latitude:             49.573394
Station longitude:            15.080278
Station altitude:             535.0 m
Measurement latitude:         49.58333
[...]
Sample preparation:           None
Blank correction:             Not blank corrected
Artifact correction:          Positive only
Artifact correction description: Carbon parallel-plate diffusion denuder (from Sunset Lab.)
Charring correction:          By laser transmission
Humidity/temperature control: None
Volume std. temperature:      ambient
Volume std. pressure:         ambient
Detection limit expl.:        0.113 ug C/m3
Measurement uncertainty expl.: Measurement uncertainty includes quantifiable uncertainty
Zero/negative values code:    Zero/negative possible
Zero/negative values:         Zero/negative values reported as measured if within detection limit, flagged with 780
Originator:                   Mbengue, Saliou, mbengue.s@czechglobe.cz, Global Change Research Institute of the Czech Academy of Sciences, GCRI, Department of Atmospheric Fluxes and Long-range Transport, Belidla 986/4a, , 603 00, Brno, Czech Republic
Originator:                   Holoubek, Ivan, holoubek.i@czechglobe.cz, Global Change Research Institute of the Czech Academy of Sciences, GCRI, Department of Atmospheric Fluxes and Long-range Transport, Belidla 986/4a, , 603 00, Brno, Czech Republic
Submitter:                    Mbengue, Saliou, mbengue.s@czechglobe.cz, Global Change Research Institute of the Czech Academy of Sciences, GCRI, Department of Atmospheric Fluxes and Long-range Transport, Belidla 986/4a, , 603 00, Brno, Czech Republic
Acknowledgement:              Request acknowledgement details from data originator
starttime endtime EC flag_EC EC flag_EC OC flag_OC OC flag_OC OC flag_OC OC flag_OC OC flag_OC OC flag_OC OC flag_OC TC flag_TC TC flag_TC
[from data line 201]
351.417036 351.569813 99.999 0.999 9.999 0.999 99.999 0.999 9.999 0.999 99.999 0.999 9.999 0.999 99.999 0.999 99.999 0.999 9.999 0.999 99.999 0.999 9.999 0.999
351.583703 351.736480 99.999 0.999 9.999 0.999 99.999 0.999 9.999 0.999 99.999 0.999 9.999 0.999 99.999 0.999 99.999 0.999 9.999 0.999 99.999 0.999 9.999 0.999
351.750370 351.903147 99.999 0.999 9.999 0.999 99.999 0.999 9.999 0.999 99.999 0.999 9.999 0.999 99.999 0.999 99.999 0.999 9.999 0.999 99.999 0.999 9.999 0.999
351.917037 352.069814 99.999 0.999 9.999 0.999 99.999 0.999 9.999 0.999 99.999 0.999 9.999 0.999 99.999 0.999 99.999 0.999 9.999 0.999 99.999 0.999 9.999 0.999
352.083704 352.236481 99.999 0.999 9.999 0.999 99.999 0.999 9.999 0.999 99.999 0.999 9.999 0.999 99.999 0.999 99.999 0.999 9.999 0.999 99.999 0.999 9.999 0.999
352.250372 352.403148 99.999 0.999 9.999 0.999 99.999 0.999 9.999 0.999 99.999 0.999 9.999 0.999 99.999 0.999 99.999 0.999 9.999 0.999 99.999 0.999 9.999 0.999
352.417038 352.569815  0.792 0.000 0.081 0.000  5.550 0.000 0.319 0.000  1.357 0.000 0.871 0.000  1.018 0.000  1.734 0.000 0.571 0.000  6.342 0.000 0.379 0.000
352.583705 352.736481  0.668 0.000 0.075 0.000  3.544 0.000 0.218 0.000  0.982 0.000 0.489 0.000  0.554 0.000  1.108 0.000 0.412 0.000  4.213 0.000 0.272 0.000
352.750372 352.903149  0.576 0.000 0.070 0.000  2.984 0.000 0.191 0.000  0.955 0.000 0.407 0.000  0.464 0.000  0.913 0.000 0.244 0.000  3.559 0.000 0.240 0.000
352.917039 353.069816  0.571 0.000 0.074 0.000  2.843 0.000 0.188 0.000  0.940 0.000 0.377 0.000  0.431 0.000  0.854 0.000 0.241 0.000  3.415 0.000 0.239 0.000
353.083706 353.236483  0.623 0.000 0.073 0.000  2.786 0.000 0.181 0.000  0.925 0.000 0.358 0.000  0.423 0.000  0.846 0.000 0.234 0.000  3.409 0.000 0.232 0.000
353.250373 353.403150  0.711 0.000 0.077 0.000  3.196 0.000 0.201 0.000  0.974 0.000 0.418 0.000  0.533 0.000  0.993 0.000 0.279 0.000  3.907 0.000 0.258 0.000
353.417041 353.569817  0.935 0.000 0.088 0.000  3.715 0.000 0.227 0.000  1.011 0.000 0.541 0.000  0.601 0.000  1.221 0.000 0.340 0.000  4.650 0.000 0.295 0.000
353.583707 353.736484  0.629 0.000 0.073 0.000  3.202 0.000 0.201 0.000  0.893 0.000 0.486 0.000  0.572 0.000  1.036 0.000 0.214 0.000  3.830 0.000 0.254 0.000
353.750374 353.903150  0.605 0.000 0.072 0.000  3.217 0.000 0.202 0.000  0.870 0.000 0.562 0.000  0.621 0.000  1.066 0.000 0.099 0.780  3.822 0.000 0.253 0.000
353.917041 354.069818  0.459 0.000 0.069 0.000  2.263 0.000 0.159 0.000  0.719 0.000 0.357 0.000  0.452 0.000  0.695 0.000 0.039 0.780  2.722 0.000 0.205 0.000
354.083708 354.236485  0.403 0.000 0.062 0.000  1.653 0.000 0.124 0.000  0.594 0.000 0.299 0.000  0.318 0.000  0.436 0.000 0.006 0.780  2.056 0.000 0.165 0.000
354.250375 354.403152  0.390 0.000 0.061 0.000  1.789 0.000 0.131 0.000  0.572 0.000 0.338 0.000  0.391 0.000  0.481 0.000 0.006 0.780  2.179 0.000 0.172 0.000
354.417042 354.569819  0.370 0.000 0.060 0.000  1.579 0.000 0.121 0.000  0.566 0.000 0.290 0.000  0.326 0.000  0.392 0.000 0.005 0.780  1.948 0.000 0.160 0.000
354.583709 354.736486  0.539 0.000 0.069 0.000  2.000 0.000 0.142 0.000  0.624 0.000 0.392 0.000  0.436 0.000  0.582 0.000 0.002 0.780  2.539 0.000 0.190 0.000
354.750376 354.903153  0.440 0.000 0.064 0.000  1.610 0.000 0.122 0.000  0.515 0.000 0.243 0.000  0.330 0.000  0.519 0.000 0.003 0.780  2.050 0.000 0.165 0.000
354.917043 355.069819  0.345 0.000 0.063 0.000  2.992 0.000 0.196 0.000  0.783 0.000 0.635 0.000  0.743 0.000  0.873 0.000 0.002 0.780  3.337 0.000 0.236 0.000
355.083709 355.236487  0.370 0.000 0.060 0.000  1.554 0.000 0.120 0.000  0.522 0.000 0.280 0.000  0.368 0.000  0.419 0.000 0.001 0.780  1.924 0.000 0.159 0.000
355.250377 355.403154  0.433 0.000 0.064 0.000  1.620 0.000 0.123 0.000  0.466 0.000 0.274 0.000  0.372 0.000  0.499 0.000 0.008 0.780  2.053 0.000 0.166 0.000
355.417044 355.569821  0.497 0.000 0.067 0.000  2.024 0.000 0.143 0.000  0.551 0.000 0.301 0.000  0.410 0.000  0.713 0.000 0.050 0.780  2.521 0.000 0.189 0.000
355.583711 355.736488  0.592 0.000 0.072 0.000  2.274 0.000 0.156 0.000  0.600 0.000 0.334 0.000  0.373 0.000  0.894 0.000 0.073 0.780  2.866 0.000 0.206 0.000
355.750378 355.903155  0.412 0.000 0.062 0.000  1.982 0.000 0.141 0.000  0.534 0.000 0.288 0.000  0.351 0.000  0.744 0.000 0.064 0.780  2.393 0.000 0.182 0.000
355.917045 356.069822  0.394 0.000 0.066 0.000  1.829 0.000 0.137 0.000  0.529 0.000 0.293 0.000  0.340 0.000  0.630 0.000 0.036 0.780  2.223 0.000 0.180 0.000
356.083712 356.236488  0.340 0.000 0.059 0.000  1.456 0.000 0.115 0.000  0.438 0.000 0.268 0.000  0.310 0.000  0.430 0.000 0.010 0.780  1.796 0.000 0.153 0.000
356.250378 356.403156  0.384 0.000 0.062 0.000  1.882 0.000 0.137 0.000  0.504 0.000 0.352 0.000  0.373 0.000  0.635 0.000 0.017 0.780  2.265 0.000 0.177 0.000
356.417046 356.569823  0.584 0.000 0.072 0.000  2.100 0.000 0.147 0.000  0.518 0.000 0.399 0.000  0.488 0.000  0.758 0.000 0.002 0.780  2.683 0.000 0.198 0.000
356.583713 356.736490  0.357 0.000 0.060 0.000  2.426 0.000 0.164 0.000  0.557 0.000 0.556 0.000  0.595 0.000  0.787 0.000 0.002 0.780  2.783 0.000 0.203 0.000
356.750380 356.903157  0.202 0.000 0.053 0.000  1.679 0.000 0.127 0.000  0.504 0.000 0.326 0.000  0.383 0.000  0.467 0.000 0.000 0.780  1.881 0.000 0.158 0.000
356.917047 357.069824 -0.271 0.780 0.061 0.780  1.769 0.000 0.163 0.000  0.557 0.000 0.590 0.000  0.572 0.000  0.647 0.000 0.002 0.780  2.605 0.000 0.200 0.000
357.083714 357.236491  0.265 0.000 0.056 0.000  1.609 0.000 0.123 0.000  0.403 0.000 0.391 0.000  0.394 0.000  0.463 0.000 0.001 0.780  1.875 0.000 0.158 0.000
357.250381 357.403159  0.269 0.000 0.056 0.000  1.323 0.000 0.109 0.000  0.361 0.000 0.254 0.000  0.326 0.000  0.422 0.000 0.001 0.780  1.592 0.000 0.144 0.000
357.417047 357.569825  0.361 0.000 0.061 0.000  2.202 0.000 0.153 0.000  0.540 0.000 0.489 0.000  0.533 0.000  0.685 0.000 0.002 0.780  2.563 0.000 0.192 0.000
357.583715 357.736492  0.426 0.000 0.064 0.000  1.449 0.000 0.115 0.000  0.402 0.000 0.280 0.000  0.335 0.000  0.475 0.000 0.002 0.780  1.875 0.000 0.158 0.000
357.750382 357.903159  0.248 0.000 0.055 0.000  1.354 0.000 0.110 0.000  0.392 0.000 0.291 0.000  0.318 0.000  0.384 0.000 0.001 0.780  1.602 0.000 0.144 0.000
357.917049 358.069826  0.260 0.000 0.060 0.000  1.547 0.000 0.124 0.000  0.446 0.000 0.326 0.000  0.387 0.000  0.420 0.000 0.002 0.780  1.807 0.000 0.160 0.000
358.083716 358.236493  0.271 0.000 0.056 0.000  1.337 0.000 0.109 0.000  0.366 0.000 0.257 0.000  0.287 0.000  0.413 0.000 0.014 0.780  1.608 0.000 0.144 0.000
358.250383 358.403160  0.284 0.000 0.057 0.000  1.644 0.000 0.125 0.000  0.425 0.000 0.265 0.000  0.363 0.000  0.569 0.000 0.021 0.780  1.928 0.000 0.161 0.000
358.417050 358.569828  0.658 0.000 0.075 0.000  2.651 0.000 0.175 0.000  0.613 0.000 0.436 0.000  0.543 0.000  1.026 0.000 0.033 0.780  3.309 0.000 0.229 0.000
358.583716 358.736494  1.051 0.000 0.095 0.000  4.416 0.000 0.263 0.000  1.079 0.000 0.725 0.000  0.798 0.000  1.753 0.000 0.061 0.780  5.466 0.000 0.337 0.000
358.750384 358.903161  0.630 0.000 0.074 0.000  3.150 0.000 0.200 0.000  0.753 0.000 0.549 0.000  0.671 0.000  1.146 0.000 0.031 0.780  3.780 0.000 0.252 0.000
358.917051 359.069828  0.846 0.000 0.088 0.000  3.705 0.000 0.231 0.000  0.859 0.000 0.607 0.000  0.756 0.000  1.437 0.000 0.047 0.780  4.551 0.000 0.297 0.000
359.083718 359.236495  0.756 0.000 0.080 0.000  3.226 0.000 0.204 0.000  0.734 0.000 0.523 0.000  0.639 0.000  1.269 0.000 0.061 0.780  3.982 0.000 0.263 0.000
359.250385 359.403162  1.191 0.000 0.103 0.000  5.730 0.000 0.330 0.000  1.213 0.000 0.939 0.000  1.060 0.000  2.208 0.000 0.310 0.000  6.922 0.000 0.412 0.000
359.417052 359.569829  1.373 0.000 0.111 0.000  5.949 0.000 0.340 0.000  1.281 0.000 0.892 0.000  1.099 0.000  2.377 0.000 0.300 0.000  7.322 0.000 0.430 0.000
359.583719 359.736497  0.686 0.000 0.077 0.000  2.841 0.000 0.185 0.000  0.583 0.000 0.470 0.000  0.651 0.000  1.082 0.000 0.054 0.780  3.526 0.000 0.241 0.000
359.750387 359.903163  0.899 0.000 0.088 0.000  4.211 0.000 0.253 0.000  0.985 0.000 0.703 0.000  0.795 0.000  1.643 0.000 0.084 0.780  5.110 0.000 0.320 0.000
359.917053 360.069830  0.160 0.000 0.087 0.000  3.398 0.000 0.249 0.000  0.909 0.000 0.661 0.000  0.821 0.000  1.549 0.000 0.098 0.780  4.840 0.000 0.312 0.000
360.083720 360.236497  0.619 0.000 0.074 0.000  2.924 0.000 0.189 0.000  0.624 0.000 0.523 0.000  0.611 0.000  1.091 0.000 0.075 0.780  3.543 0.000 0.241 0.000
360.250387 360.403164  0.663 0.000 0.077 0.000  3.526 0.000 0.220 0.000  0.723 0.000 0.610 0.000  0.736 0.000  1.358 0.000 0.099 0.780  4.189 0.000 0.275 0.000
360.417054 360.569831  0.635 0.000 0.075 0.000  3.071 0.000 0.197 0.000  0.676 0.000 0.546 0.000  0.636 0.000  1.171 0.000 0.042 0.780  3.706 0.000 0.251 0.000
360.583721 360.736498  0.656 0.000 0.077 0.000  2.875 0.000 0.188 0.000  0.619 0.000 0.496 0.000  0.577 0.000  1.130 0.000 0.053 0.780  3.531 0.000 0.243 0.000
360.750388 360.903166  0.532 0.000 0.071 0.000  2.648 0.000 0.177 0.000  0.587 0.000 0.499 0.000  0.524 0.000  0.992 0.000 0.046 0.780  3.180 0.000 0.225 0.000
360.917056 361.069832  1.112 0.000 0.104 0.000  4.802 0.000 0.288 0.000  1.116 0.000 0.788 0.000  0.841 0.000  1.936 0.000 0.122 0.000  5.913 0.000 0.368 0.000
361.083722 361.236499  0.929 0.000 0.090 0.000  3.870 0.000 0.237 0.000  0.870 0.000 0.647 0.000  0.749 0.000  1.547 0.000 0.056 0.780  4.799 0.000 0.305 0.000
361.250389 361.403166  0.308 0.000 0.059 0.000  1.734 0.000 0.130 0.000  0.328 0.000 0.369 0.000  0.495 0.000  0.543 0.000 0.001 0.780  2.042 0.000 0.167 0.000
361.417056 361.569833  0.435 0.000 0.065 0.000  1.827 0.000 0.134 0.000  0.374 0.000 0.375 0.000  0.407 0.000  0.658 0.000 0.014 0.780  2.262 0.000 0.178 0.000
361.583723 361.736500  0.442 0.000 0.065 0.000  1.871 0.000 0.136 0.000  0.390 0.000 0.357 0.000  0.444 0.000  0.711 0.000 0.001 0.780  2.314 0.000 0.180 0.000
361.750390 361.903167  0.325 0.000 0.059 0.000  1.679 0.000 0.126 0.000  0.370 0.000 0.314 0.000  0.386 0.000  0.609 0.000 0.001 0.780  2.004 0.000 0.164 0.000
361.917057 362.069834  0.232 0.000 0.058 0.000  1.237 0.000 0.108 0.000  0.363 0.000 0.258 0.000  0.252 0.000  0.339 0.000 0.025 0.780  1.470 0.000 0.143 0.000
362.083725 362.236501  0.349 0.000 0.059 0.000  1.814 0.000 0.133 0.000  0.394 0.000 0.383 0.000  0.415 0.000  0.668 0.000 0.001 0.780  2.163 0.000 0.171 0.000
362.250391 362.403168  0.422 0.000 0.063 0.000  2.186 0.000 0.152 0.000  0.439 0.000 0.453 0.000  0.454 0.000  0.841 0.000 0.001 0.780  2.608 0.000 0.194 0.000
362.417058 362.569834  0.468 0.000 0.065 0.000  1.902 0.000 0.137 0.000  0.405 0.000 0.374 0.000  0.406 0.000  0.756 0.000 0.002 0.780  2.370 0.000 0.182 0.000
362.583725 362.736502  1.052 0.000 0.094 0.000  3.862 0.000 0.235 0.000  0.908 0.000 0.623 0.000  0.731 0.000  1.688 0.000 0.005 0.780  4.915 0.000 0.308 0.000
362.750392 362.903169  0.331 0.000 0.058 0.000  1.617 0.000 0.123 0.000  0.349 0.000 0.320 0.000  0.353 0.000  0.581 0.000 0.014 0.780  1.948 0.000 0.160 0.000
362.917059 363.069836  0.207 0.000 0.057 0.000  0.993 0.000 0.096 0.000  0.225 0.000 0.218 0.000  0.254 0.000  0.262 0.000 0.034 0.780  1.200 0.000 0.129 0.000
363.083726 363.236503  0.276 0.000 0.056 0.000  1.324 0.000 0.108 0.000  0.249 0.000 0.305 0.000  0.316 0.000  0.436 0.000 0.018 0.780  1.600 0.000 0.143 0.000
363.250394 363.403170  0.495 0.000 0.068 0.000  2.440 0.000 0.165 0.000  0.431 0.000 0.467 0.000  0.561 0.000  0.928 0.000 0.053 0.780  2.936 0.000 0.211 0.000
363.417060 363.569837  0.497 0.000 0.068 0.000  2.045 0.000 0.145 0.000  0.313 0.000 0.434 0.000  0.498 0.000  0.757 0.000 0.043 0.780  2.542 0.000 0.191 0.000
363.583727 363.736503  0.392 0.000 0.063 0.000  1.488 0.000 0.117 0.000  0.287 0.000 0.288 0.000  0.405 0.000  0.501 0.000 0.007 0.780  1.879 0.000 0.159 0.000
363.750394 363.903171  0.227 0.000 0.055 0.000  1.270 0.000 0.107 0.000  0.267 0.000 0.281 0.000  0.310 0.000  0.404 0.000 0.009 0.780  1.497 0.000 0.140 0.000
363.917061 364.069838  0.136 0.000 0.055 0.000  1.103 0.000 0.103 0.000  0.230 0.000 0.247 0.000  0.306 0.000  0.302 0.000 0.018 0.780  1.239 0.000 0.134 0.000
364.083728 364.236505  0.249 0.000 0.056 0.000  1.152 0.000 0.101 0.000  0.197 0.000 0.231 0.000  0.313 0.000  0.359 0.000 0.053 0.780  1.401 0.000 0.135 0.000
364.250395 364.403172  0.172 0.000 0.053 0.000  1.219 0.000 0.105 0.000  0.194 0.000 0.261 0.000  0.336 0.000  0.393 0.000 0.035 0.780  1.391 0.000 0.135 0.000
364.417062 364.569839  0.286 0.000 0.058 0.000  1.536 0.000 0.121 0.000  0.261 0.000 0.293 0.000  0.420 0.000  0.555 0.000 0.007 0.780  1.822 0.000 0.157 0.000
364.583729 364.736506  0.417 0.000 0.064 0.000  1.771 0.000 0.132 0.000  0.291 0.000 0.358 0.000  0.480 0.000  0.627 0.000 0.015 0.780  2.188 0.000 0.175 0.000
364.750396 364.903172  0.362 0.000 0.062 0.000  1.631 0.000 0.125 0.000  0.292 0.000 0.383 0.000  0.444 0.000  0.542 0.000 0.001 0.780  1.993 0.000 0.165 0.000
