ebas_test_data/DE0044R.20180101000000.20211020145554.hvs.organic_carbon..74d.1d.DE08L_HVS_DIGITEL_DHA-80.DE08L_TROPOS_sunset_001.lev2.nas
133 1001
Spindler, Gerald; Roedger, Anke
DE08L, Leibniz Institute for Tropospheric Research, TROPOS, , Permoserstrasse 15, , 04318, Leipzig, Germany
Spindler, Gerald
ACTRIS EMEP
1 1
2018 01 01 2021 10 20
1
days from file reference point
45
1 1 1 1 1 1 1 1 1 1 1 1 1 1 1 1 1 1 1 1 1 1 1 1 1 1 1 1 1 1 1 1 1 1 1 1 1 1 1 1 1 1 1 1 1
99 99.99 9.999 99.99 9.999 9.99 9.999 9.99 9.999 999.99 9.999 999.99 9.999 9.99 9.999 9.99 9.999 99.99 9.999 99.99 9.999 99.99 9.999 99.99 9.999 99.99 9.999 99.99 9.999 9.99 9.999 9.99 9.999 99.99 9.999 99.99 9.999 999.99 9.999 999.99 9.999 9.99 9.999 9.99 9.999
end_time of measurement, days from the file reference point
elemental_carbon, ug C/m3, Revision date=20211020145212, Matrix=pm25, Detection limit=0.007 ug C/m3, QA1 bias=-6.0 %, QA1 variability=10.8 %
numflag elemental_carbon, no unit, Revision date=20211020145212, Matrix=pm25, Detection limit=0.007 ug C/m3, QA1 bias=-6.0 %, QA1 variability=10.8 %
elemental_carbon, ug C/m3, Matrix=pm10, Detection limit=0.007 ug C/m3, QA1 bias=-6.0 %, QA1 variability=10.8 %
numflag elemental_carbon, no unit, Matrix=pm10, Detection limit=0.007 ug C/m3, QA1 bias=-6.0 %, QA1 variability=10.8 %
elemental_carbon, ug C/m3, Revision date=20211020145212, Statistics=uncertainty, Matrix=pm25
numflag elemental_carbon, no unit, Revision date=20211020145212, Statistics=uncertainty, Matrix=pm25
elemental_carbon, ug C/m3, Statistics=uncertainty, Matrix=pm10
numflag elemental_carbon, no unit, Statistics=uncertainty, Matrix=pm10
organic_carbon, ug C/m3, Revision date=20211020145212, Matrix=pm25, Detection limit=0.007 ug C/m3, QA1 bias=10.4 %, QA1 variability=2.3 %
numflag organic_carbon, no unit, Revision date=20211020145212, Matrix=pm25, Detection limit=0.007 ug C/m3, QA1 bias=10.4 %, QA1 variability=2.3 %
organic_carbon, ug C/m3, Matrix=pm10, Detection limit=0.007 ug C/m3, QA1 bias=10.4 %, QA1 variability=2.3 %
numflag organic_carbon, no unit, Matrix=pm10, Detection limit=0.007 ug C/m3, QA1 bias=10.4 %, QA1 variability=2.3 %
organic_carbon, ug C/m3, Revision date=20211020145212, Statistics=uncertainty, Matrix=pm25
numflag organic_carbon, no unit, Revision date=20211020145212, Statistics=uncertainty, Matrix=pm25
organic_carbon, ug C/m3, Statistics=uncertainty, Matrix=pm10
numflag organic_carbon, no unit, Statistics=uncertainty, Matrix=pm10
organic_carbon, ug C/m3, Fraction=OC1, Revision date=20211020145212, Matrix=pm25
numflag organic_carbon, no unit, Fraction=OC1, Revision date=20211020145212, Matrix=pm25
organic_carbon, ug C/m3, Fraction=OC1, Matrix=pm10
numflag organic_carbon, no unit, Fraction=OC1, Matrix=pm10
organic_carbon, ug C/m3, Fraction=OC2, Revision date=20211020145212, Matrix=pm25
numflag organic_carbon, no unit, Fraction=OC2, Revision date=20211020145212, Matrix=pm25
organic_carbon, ug C/m3, Fraction=OC2, Matrix=pm10
numflag organic_carbon, no unit, Fraction=OC2, Matrix=pm10
organic_carbon, ug C/m3, Fraction=OC3, Revision date=20211020145212, Matrix=pm25
numflag organic_carbon, no unit, Fraction=OC3, Revision date=20211020145212, Matrix=pm25
organic_carbon, ug C/m3, Fraction=OC3, Matrix=pm10
numflag organic_carbon, no unit, Fraction=OC3, Matrix=pm10
organic_carbon, ug C/m3, Fraction=OC4, Revision date=20211020145212, Matrix=pm25
[...]
Charring correction:          By laser transmission
Humidity/temperature control: None
Volume std. temperature:      ambient
Volume std. pressure:         ambient
Detection limit expl.:        Determined by taking 3 times standard deviation of ensemble of field blanks
Zero/negative values code:    Zero possible
Zero/negative values:         Zero values may appear due to statistical variations at very low concentrations
QA1 measure ID:               ECAC-OCEC-2018-1
QA1 date:                     20180301
QA1 document name:            "Results of the inter-laboratory comparison exercise for TC and EC measurements (ref.: OCEC-2018-1)"
QA1 document URL:             "http://www.actris-ecac.eu/files/ECAC-report-OCEC-2018-1.pdf"
Originator:                   Spindler, Gerald, , , , , , , , , 
Originator:                   Roedger, Anke, anke.roedger@tropos.de, Leibniz Institute for Tropospheric Research, TROPOS, Department of chemistry, , Permoserstrasse 15, D-04318, Leipzig, German
Submitter:                    Spindler, Gerald, , , , , , , , , 
Acknowledgement:              Request acknowledgement details from data originator
Comment:                      "On the Website https://www.actris-ecac.eu/ocec-analyse.html the latest Report OCEC-2018-1 from March 2018 is not active for linking.The certificate exists and can be requested from spindler@tropos.de"
starttime endtime EC flag_EC EC flag_EC EC flag_EC EC flag_EC OC flag_OC OC flag_OC OC flag_OC OC flag_OC OC flag_OC OC flag_OC OC flag_OC OC flag_OC OC flag_OC OC flag_OC OC flag_OC OC flag_OC OC flag_OC OC flag_OC TC flag_TC TC flag_TC TC flag_TC TC flag_TC
 0  1  0.17 0.000  0.18 0.000 0.03 0.000 0.03 0.000   1.01 0.000   0.95 0.000 0.07 0.000 0.07 0.000  0.18 0.000  0.16 0.000  0.20 0.000  0.17 0.000  0.21 0.000  0.21 0.000 0.17 0.000 0.17 0.000  0.25 0.000  0.24 0.000   1.18 0.000   1.13 0.000 0.10 0.000 0.10 0.000
 1  2  0.17 0.000  0.21 0.000 0.03 0.000 0.03 0.000   0.78 0.000   0.94 0.000 0.06 0.000 0.07 0.000  0.16 0.000  0.13 0.000  0.16 0.000  0.17 0.000  0.11 0.000  0.19 0.000 0.12 0.000 0.16 0.000  0.23 0.000  0.29 0.000   0.95 0.000   1.15 0.000 0.09 0.000 0.10 0.000
 2  3  0.13 0.000  0.19 0.000 0.03 0.000 0.03 0.000   0.66 0.000   0.80 0.000 0.05 0.000 0.06 0.000  0.14 0.000  0.12 0.000  0.14 0.000  0.15 0.000  0.12 0.000  0.19 0.000 0.12 0.000 0.13 0.000  0.15 0.000  0.20 0.000   0.79 0.000   0.99 0.000 0.08 0.000 0.09 0.000
 3  4  0.15 0.000  0.13 0.000 0.03 0.000 0.03 0.000   0.83 0.000   0.79 0.000 0.06 0.000 0.06 0.000  0.15 0.000  0.14 0.000  0.18 0.000  0.15 0.000  0.17 0.000  0.16 0.000 0.15 0.000 0.15 0.000  0.17 0.000  0.19 0.000   0.98 0.000   0.92 0.000 0.09 0.000 0.09 0.000
 4  5  0.22 0.000  0.21 0.000 0.03 0.000 0.03 0.000   0.84 0.000   1.04 0.000 0.06 0.000 0.07 0.000  0.15 0.000  0.19 0.000  0.16 0.000  0.19 0.000  0.16 0.000  0.21 0.000 0.16 0.000 0.20 0.000  0.21 0.000  0.25 0.000   1.06 0.000   1.25 0.000 0.10 0.000 0.11 0.000
 5  6  0.40 0.000  0.51 0.000 0.04 0.000 0.05 0.000   1.51 0.000   1.84 0.000 0.10 0.000 0.11 0.000  0.25 0.000  0.30 0.000  0.27 0.000  0.34 0.000  0.28 0.000  0.35 0.000 0.23 0.000 0.25 0.000  0.48 0.000  0.60 0.000   1.91 0.000   2.34 0.000 0.14 0.000 0.16 0.000
 6  7  0.25 0.000  0.32 0.000 0.03 0.000 0.04 0.000   1.83 0.000   2.01 0.000 0.11 0.000 0.12 0.000  0.33 0.000  0.31 0.000  0.29 0.000  0.34 0.000  0.20 0.000  0.28 0.000 0.20 0.000 0.22 0.000  0.80 0.000  0.87 0.000   2.07 0.000   2.33 0.000 0.15 0.000 0.16 0.000
 7  8  1.01 0.000  1.09 0.000 0.07 0.000 0.08 0.000   5.40 0.000   5.53 0.000 0.29 0.000 0.30 0.000  0.84 0.000  0.86 0.000  0.81 0.000  0.81 0.000  0.65 0.000  0.66 0.000 0.50 0.000 0.43 0.000  2.61 0.000  2.77 0.000   6.41 0.000   6.62 0.000 0.37 0.000 0.38 0.000
 8  9  1.37 0.000  1.40 0.000 0.09 0.000 0.09 0.000   7.11 0.000   7.94 0.000 0.38 0.000 0.42 0.000  0.97 0.000  1.01 0.000  1.02 0.000  1.05 0.000  0.71 0.000  0.80 0.000 0.53 0.000 0.51 0.000  3.88 0.000  4.56 0.000   8.47 0.000   9.33 0.000 0.47 0.000 0.51 0.000
 9 10  0.78 0.000  0.89 0.000 0.06 0.000 0.07 0.000   3.51 0.000   3.91 0.000 0.20 0.000 0.22 0.000  0.48 0.000  0.44 0.000  0.52 0.000  0.54 0.000  0.37 0.000  0.44 0.000 0.35 0.000 0.31 0.000  1.79 0.000  2.18 0.000   4.29 0.000   4.80 0.000 0.26 0.000 0.28 0.000
10 11  1.50 0.000  1.37 0.000 0.10 0.000 0.09 0.000   5.00 0.000   6.25 0.000 0.27 0.000 0.34 0.000  0.66 0.000  0.78 0.000  0.80 0.000  0.94 0.000  0.66 0.000  0.76 0.000 0.43 0.000 0.47 0.000  2.47 0.000  3.30 0.000   6.51 0.000   7.62 0.000 0.37 0.000 0.43 0.000
11 12  1.26 0.000  1.18 0.000 0.09 0.000 0.08 0.000   6.71 0.000   9.28 0.000 0.36 0.000 0.49 0.000  0.85 0.000  1.17 0.000  0.91 0.000  1.12 0.000  0.63 0.000  0.73 0.000 0.46 0.000 0.57 0.000  3.85 0.000  5.70 0.000   7.98 0.000  10.46 0.000 0.44 0.000 0.57 0.000
12 13  0.70 0.000  0.74 0.000 0.06 0.000 0.06 0.000   5.35 0.000   5.99 0.000 0.29 0.000 0.32 0.000  0.69 0.000  0.74 0.000  0.70 0.000  0.75 0.000  0.36 0.000  0.40 0.000 0.38 0.000 0.39 0.000  3.22 0.000  3.71 0.000   6.04 0.000   6.74 0.000 0.35 0.000 0.38 0.000
13 14  0.76 0.000  0.92 0.000 0.06 0.000 0.07 0.000   6.04 0.000   6.79 0.000 0.32 0.000 0.36 0.000  0.87 0.000  1.04 0.000  0.85 0.000  1.02 0.000  0.54 0.000  0.58 0.000 0.43 0.000 0.52 0.000  3.35 0.000  3.62 0.000   6.80 0.000   7.70 0.000 0.38 0.000 0.43 0.000
14 15  0.37 0.000  0.40 0.000 0.04 0.000 0.04 0.000   3.63 0.000   4.33 0.000 0.20 0.000 0.24 0.000  0.52 0.000  0.56 0.000  0.50 0.000  0.68 0.000  0.28 0.000  0.36 0.000 0.29 0.000 0.32 0.000  2.03 0.000  2.41 0.000   3.99 0.000   4.73 0.000 0.24 0.000 0.28 0.000
15 16  0.19 0.470  0.23 0.470 0.03 0.000 0.03 0.000   1.05 0.470   1.17 0.470 0.07 0.000 0.08 0.000  0.22 0.000  0.24 0.000  0.20 0.000  0.24 0.000  0.15 0.000  0.20 0.000 0.16 0.000 0.19 0.000  0.32 0.000  0.31 0.000   1.24 0.470   1.39 0.470 0.11 0.000 0.11 0.000
16 17  0.19 0.000  0.22 0.000 0.03 0.000 0.03 0.000   1.01 0.000   0.96 0.000 0.07 0.000 0.07 0.000  0.19 0.000  0.21 0.000  0.22 0.000  0.19 0.000  0.17 0.000  0.18 0.000 0.17 0.000 0.17 0.000  0.26 0.000  0.21 0.000   1.19 0.000   1.19 0.000 0.10 0.000 0.10 0.000
17 18  0.11 0.000  0.14 0.000 0.03 0.000 0.03 0.000   0.79 0.000   1.12 0.000 0.06 0.000 0.08 0.000  0.20 0.000  0.20 0.000  0.15 0.000  0.19 0.000  0.16 0.000  0.25 0.000 0.13 0.000 0.17 0.000  0.15 0.000  0.31 0.000   0.90 0.000   1.26 0.000 0.09 0.000 0.11 0.000
18 19  0.25 0.000  0.29 0.000 0.03 0.000 0.04 0.000   1.41 0.000   1.52 0.000 0.09 0.000 0.10 0.000  0.29 0.000  0.33 0.000  0.26 0.000  0.28 0.000  0.21 0.000  0.29 0.000 0.20 0.000 0.23 0.000  0.46 0.000  0.39 0.000   1.66 0.000   1.80 0.000 0.13 0.000 0.13 0.000
19 20  0.47 0.000  0.50 0.000 0.05 0.000 0.05 0.000   2.27 0.000   2.54 0.000 0.14 0.000 0.15 0.000  0.37 0.000  0.45 0.000  0.37 0.000  0.43 0.000  0.32 0.000  0.45 0.000 0.29 0.000 0.31 0.000  0.92 0.000  0.90 0.000   2.74 0.000   3.04 0.000 0.18 0.000 0.20 0.000
20 21  0.54 0.000  0.59 0.000 0.05 0.000 0.05 0.000   5.76 0.000   6.32 0.000 0.31 0.000 0.34 0.000  0.82 0.000  1.01 0.000  0.83 0.000  0.93 0.000  0.64 0.000  0.68 0.000 0.43 0.000 0.52 0.000  3.04 0.000  3.18 0.000   6.30 0.000   6.91 0.000 0.36 0.000 0.39 0.000
21 22  0.41 0.000  0.46 0.000 0.04 0.000 0.05 0.000   3.74 0.000   4.05 0.000 0.21 0.000 0.22 0.000  0.53 0.000  0.60 0.000  0.62 0.000  0.59 0.000  0.37 0.000  0.36 0.000 0.33 0.000 0.33 0.000  1.89 0.000  2.16 0.000   4.15 0.000   4.51 0.000 0.25 0.000 0.27 0.000
22 23  0.32 0.000  0.36 0.000 0.04 0.000 0.04 0.000   1.60 0.000   1.76 0.000 0.10 0.000 0.11 0.000  0.29 0.000  0.27 0.000  0.32 0.000  0.32 0.000  0.20 0.000  0.31 0.000 0.20 0.000 0.24 0.000  0.61 0.000  0.63 0.000   1.92 0.000   2.13 0.000 0.14 0.000 0.15 0.000
23 24  0.24 0.000  0.26 0.000 0.03 0.000 0.04 0.000   1.21 0.000   1.49 0.000 0.08 0.000 0.10 0.000  0.25 0.000  0.23 0.000  0.24 0.000  0.27 0.000  0.19 0.000  0.32 0.000 0.17 0.000 0.23 0.000  0.36 0.000  0.43 0.000   1.45 0.000   1.75 0.000 0.12 0.000 0.13 0.000
24 25  0.55 0.000  0.57 0.000 0.05 0.000 0.05 0.000   2.07 0.000   2.54 0.000 0.13 0.000 0.15 0.000  0.36 0.000  0.39 0.000  0.39 0.000  0.46 0.000  0.38 0.000  0.52 0.000 0.25 0.000 0.32 0.000  0.68 0.000  0.85 0.000   2.62 0.000   3.11 0.000 0.17 0.000 0.20 0.000
25 26  0.46 0.000  0.49 0.000 0.05 0.000 0.05 0.000   3.14 0.000   3.69 0.000 0.18 0.000 0.21 0.000  0.44 0.000  0.46 0.000  0.50 0.000  0.55 0.000  0.37 0.000  0.53 0.000 0.30 0.000 0.35 0.000  1.54 0.000  1.80 0.000   3.61 0.000   4.18 0.000 0.22 0.000 0.25 0.000
26 27  0.45 0.000  0.58 0.000 0.04 0.000 0.05 0.000   3.15 0.000   3.59 0.000 0.18 0.000 0.20 0.000  0.47 0.000  0.51 0.000  0.52 0.000  0.58 0.000  0.37 0.000  0.53 0.000 0.28 0.000 0.35 0.000  1.52 0.000  1.62 0.000   3.61 0.000   4.18 0.000 0.22 0.000 0.25 0.000
27 28  0.17 0.470  0.21 0.470 0.03 0.000 0.03 0.000   1.17 0.470   1.30 0.470 0.08 0.000 0.09 0.000  0.21 0.000  0.23 0.000  0.21 0.000  0.23 0.000  0.14 0.000  0.18 0.000 0.14 0.000 0.18 0.000  0.46 0.000  0.49 0.000   1.33 0.470   1.51 0.470 0.11 0.000 0.12 0.000
28 29  0.12 0.470  0.11 0.470 0.03 0.000 0.03 0.000   0.87 0.470   0.92 0.470 0.07 0.000 0.07 0.000  0.20 0.000  0.17 0.000  0.17 0.000  0.16 0.000  0.13 0.000  0.16 0.000 0.12 0.000 0.13 0.000  0.25 0.000  0.31 0.000   0.99 0.470   1.03 0.470 0.09 0.000 0.10 0.000
29 30  0.25 0.000  0.26 0.000 0.03 0.000 0.04 0.000   0.98 0.000   1.14 0.000 0.07 0.000 0.08 0.000  0.25 0.000  0.24 0.000  0.17 0.000  0.20 0.000  0.17 0.000  0.23 0.000 0.15 0.000 0.20 0.000  0.24 0.000  0.27 0.000   1.23 0.000   1.39 0.000 0.11 0.000 0.11 0.000
30 31  0.27 0.000  0.28 0.000 0.04 0.000 0.04 0.000   1.20 0.000   1.27 0.000 0.08 0.000 0.09 0.000  0.24 0.000  0.20 0.000  0.21 0.000  0.21 0.000  0.19 0.000  0.24 0.000 0.18 0.000 0.18 0.000  0.38 0.000  0.44 0.000   1.47 0.000   1.54 0.000 0.12 0.000 0.12 0.000
31 32  0.24 0.000  0.27 0.000 0.03 0.000 0.04 0.000   1.11 0.000   1.18 0.000 0.08 0.000 0.08 0.000  0.21 0.000  0.21 0.000  0.22 0.000  0.21 0.000  0.18 0.000  0.24 0.000 0.18 0.000 0.22 0.000  0.33 0.000  0.30 0.000   1.35 0.000   1.45 0.000 0.11 0.000 0.12 0.000
32 33  0.25 0.000  0.27 0.000 0.03 0.000 0.04 0.000   1.27 0.000   1.27 0.000 0.09 0.000 0.09 0.000  0.22 0.000  0.21 0.000  0.24 0.000  0.22 0.000  0.18 0.000  0.23 0.000 0.19 0.000 0.21 0.000  0.45 0.000  0.40 0.000   1.52 0.000   1.53 0.000 0.12 0.000 0.12 0.000
33 34  0.20 0.000  0.22 0.000 0.03 0.000 0.03 0.000   1.18 0.000   1.40 0.000 0.08 0.000 0.09 0.000  0.21 0.000  0.21 0.000  0.18 0.000  0.25 0.000  0.12 0.000  0.18 0.000 0.14 0.000 0.17 0.000  0.53 0.000  0.60 0.000   1.38 0.000   1.62 0.000 0.11 0.000 0.13 0.000
34 35  0.43 0.000  0.39 0.000 0.04 0.000 0.04 0.000   2.38 0.000   2.40 0.000 0.14 0.000 0.14 0.000  0.40 0.000  0.39 0.000  0.45 0.000  0.40 0.000  0.45 0.000  0.38 0.000 0.29 0.000 0.26 0.000  0.79 0.000  0.97 0.000   2.81 0.000   2.79 0.000 0.19 0.000 0.18 0.000
35 36  0.54 0.000  0.57 0.000 0.05 0.000 0.05 0.000   3.82 0.000   4.31 0.000 0.21 0.000 0.24 0.000  0.63 0.000  0.65 0.000  0.64 0.000  0.63 0.000  0.45 0.000  0.49 0.000 0.32 0.000 0.33 0.000  1.77 0.000  2.21 0.000   4.35 0.000   4.88 0.000 0.26 0.000 0.29 0.000
36 37  0.81 0.000  0.86 0.000 0.06 0.000 0.07 0.000   4.94 0.000   5.49 0.000 0.27 0.000 0.30 0.000  0.75 0.000  0.75 0.000  0.73 0.000  0.81 0.000  0.54 0.000  0.66 0.000 0.39 0.000 0.53 0.000  2.54 0.000  2.74 0.000   5.75 0.000   6.35 0.000 0.33 0.000 0.36 0.000
37 38  1.03 0.000  1.17 0.000 0.07 0.000 0.08 0.000   9.58 0.000  10.46 0.000 0.50 0.000 0.55 0.000  1.32 0.000  1.37 0.000  1.25 0.000  1.33 0.000  0.97 0.000  1.10 0.000 0.64 0.000 0.68 0.000  5.41 0.000  5.98 0.000  10.62 0.000  11.63 0.000 0.58 0.000 0.63 0.000
38 39  1.43 0.000  1.43 0.000 0.09 0.000 0.09 0.000  13.69 0.000  15.62 0.000 0.71 0.000 0.80 0.000  1.59 0.000  1.83 0.000  1.56 0.000  1.71 0.000  1.31 0.000  1.43 0.000 0.84 0.000 0.88 0.000  8.40 0.000  9.77 0.000  15.12 0.000  17.06 0.000 0.80 0.000 0.90 0.000
39 40  0.61 0.000  0.76 0.000 0.05 0.000 0.06 0.000   7.54 0.000   9.27 0.000 0.40 0.000 0.49 0.000  0.87 0.000  1.12 0.000  0.89 0.000  1.21 0.000  0.47 0.000  0.60 0.000 0.52 0.000 0.62 0.000  4.78 0.000  5.73 0.000   8.16 0.000  10.03 0.000 0.45 0.000 0.55 0.000
40 41  0.43 0.000  0.59 0.000 0.04 0.000 0.05 0.000   4.79 0.000   6.06 0.000 0.26 0.000 0.33 0.000  0.59 0.000  0.82 0.000  0.61 0.000  0.86 0.000  0.28 0.000  0.37 0.000 0.35 0.000 0.44 0.000  2.96 0.000  3.57 0.000   5.22 0.000   6.65 0.000 0.31 0.000 0.38 0.000
41 42  0.26 0.000  0.28 0.000 0.04 0.000 0.04 0.000   2.14 0.000   2.41 0.000 0.13 0.000 0.14 0.000  0.32 0.000  0.38 0.000  0.35 0.000  0.39 0.000  0.25 0.000  0.28 0.000 0.24 0.000 0.26 0.000  0.98 0.000  1.09 0.000   2.41 0.000   2.69 0.000 0.16 0.000 0.18 0.000
42 43  0.26 0.000  0.31 0.000 0.04 0.000 0.04 0.000   1.49 0.000   1.48 0.000 0.10 0.000 0.10 0.000  0.32 0.000  0.27 0.000  0.29 0.000  0.24 0.000  0.16 0.000  0.24 0.000 0.17 0.000 0.20 0.000  0.56 0.000  0.53 0.000   1.76 0.000   1.79 0.000 0.13 0.000 0.13 0.000
43 44  0.36 0.000  0.36 0.000 0.04 0.000 0.04 0.000   1.84 0.000   1.91 0.000 0.11 0.000 0.12 0.000  0.34 0.000  0.34 0.000  0.30 0.000  0.32 0.000  0.21 0.000  0.31 0.000 0.20 0.000 0.26 0.000  0.79 0.000  0.68 0.000   2.21 0.000   2.27 0.000 0.15 0.000 0.16 0.000
44 45  0.78 0.000  0.84 0.000 0.06 0.000 0.06 0.000   4.79 0.000   5.31 0.000 0.26 0.000 0.29 0.000  0.79 0.000  0.79 0.000  0.73 0.000  0.82 0.000  0.56 0.000  0.77 0.000 0.35 0.000 0.47 0.000  2.35 0.000  2.47 0.000   5.57 0.000   6.16 0.000 0.32 0.000 0.35 0.000
45 46  0.74 0.000  0.73 0.000 0.06 0.000 0.06 0.000   6.07 0.000   6.99 0.000 0.33 0.000 0.37 0.000  0.72 0.000  0.79 0.000  0.71 0.000  0.85 0.000  0.55 0.000  0.66 0.000 0.39 0.000 0.46 0.000  3.69 0.000  4.23 0.000   6.81 0.000   7.72 0.000 0.38 0.000 0.43 0.000
46 47  0.38 0.000  0.48 0.000 0.04 0.000 0.05 0.000   2.16 0.000   2.34 0.000 0.13 0.000 0.14 0.000  0.36 0.000  0.37 0.000  0.34 0.000  0.37 0.000  0.24 0.000  0.37 0.000 0.22 0.000 0.32 0.000  1.01 0.000  0.89 0.000   2.55 0.000   2.82 0.000 0.17 0.000 0.19 0.000
47 48  0.55 0.000  0.65 0.000 0.05 0.000 0.06 0.000   3.32 0.000   3.70 0.000 0.19 0.000 0.21 0.000  0.55 0.000  0.56 0.000  0.49 0.000  0.62 0.000  0.44 0.000  0.58 0.000 0.30 0.000 0.41 0.000  1.55 0.000  1.52 0.000   3.87 0.000   4.35 0.000 0.24 0.000 0.26 0.000
48 49  0.39 0.000  0.47 0.000 0.04 0.000 0.05 0.000   2.78 0.000   2.85 0.000 0.16 0.000 0.17 0.000  0.50 0.000  0.51 0.000  0.41 0.000  0.46 0.000  0.34 0.000  0.44 0.000 0.24 0.000 0.30 0.000  1.29 0.000  1.15 0.000   3.18 0.000   3.33 0.000 0.20 0.000 0.21 0.000
49 50  0.49 0.000  0.57 0.000 0.05 0.000 0.05 0.000   3.67 0.000   3.67 0.000 0.21 0.000 0.21 0.000  0.60 0.000  0.56 0.000  0.50 0.000  0.53 0.000  0.30 0.000  0.37 0.000 0.27 0.000 0.30 0.000  2.00 0.000  1.91 0.000   4.15 0.000   4.24 0.000 0.25 0.000 0.26 0.000
50 51  1.13 0.000  1.24 0.000 0.08 0.000 0.08 0.000  10.92 0.000   9.55 0.000 0.57 0.000 0.50 0.000  1.62 0.000  1.14 0.000  1.48 0.000  1.18 0.000  1.17 0.000  1.01 0.000 0.76 0.000 0.63 0.000  5.89 0.000  5.58 0.000  12.04 0.000  10.79 0.000 0.65 0.000 0.58 0.000
51 52  0.86 0.000  0.98 0.000 0.07 0.000 0.07 0.000   7.57 0.000   7.02 0.000 0.40 0.000 0.37 0.000  1.35 0.000  1.03 0.000  1.14 0.000  1.00 0.000  0.90 0.000  0.86 0.000 0.56 0.000 0.52 0.000  3.62 0.000  3.61 0.000   8.42 0.000   8.00 0.000 0.47 0.000 0.45 0.000
52 53  0.51 0.000  0.58 0.000 0.05 0.000 0.05 0.000   3.92 0.000   4.21 0.000 0.22 0.000 0.23 0.000  0.68 0.000  0.73 0.000  0.63 0.000  0.67 0.000  0.41 0.000  0.47 0.000 0.30 0.000 0.33 0.000  1.89 0.000  2.01 0.000   4.43 0.000   4.79 0.000 0.27 0.000 0.28 0.000
53 54  0.72 0.000  0.95 0.000 0.06 0.000 0.07 0.000   6.58 0.000   6.77 0.000 0.35 0.000 0.36 0.000  0.90 0.000  0.94 0.000  0.80 0.000  0.83 0.000  0.50 0.000  0.65 0.000 0.39 0.000 0.46 0.000  3.99 0.000  3.88 0.000   7.29 0.000   7.72 0.000 0.41 0.000 0.43 0.000
54 55  0.58 0.000  0.68 0.000 0.05 0.000 0.06 0.000   4.01 0.000   4.33 0.000 0.22 0.000 0.24 0.000  0.67 0.000  0.68 0.000  0.60 0.000  0.68 0.000  0.49 0.000  0.58 0.000 0.31 0.000 0.37 0.000  1.95 0.000  2.02 0.000   4.59 0.000   5.02 0.000 0.27 0.000 0.30 0.000
55 56  0.44 0.000  0.56 0.000 0.04 0.000 0.05 0.000   3.40 0.000   3.67 0.000 0.19 0.000 0.21 0.000  0.54 0.000  0.54 0.000  0.55 0.000  0.58 0.000  0.40 0.000  0.49 0.000 0.26 0.000 0.33 0.000  1.65 0.000  1.74 0.000   3.85 0.000   4.23 0.000 0.24 0.000 0.26 0.000
56 57  0.43 0.000  0.56 0.000 0.04 0.000 0.05 0.000   3.35 0.000   3.68 0.000 0.19 0.000 0.21 0.000  0.54 0.000  0.55 0.000  0.49 0.000  0.51 0.000  0.36 0.000  0.44 0.000 0.27 0.000 0.30 0.000  1.69 0.000  1.89 0.000   3.77 0.000   4.25 0.000 0.23 0.000 0.26 0.000
57 58  0.63 0.000  0.81 0.000 0.05 0.000 0.06 0.000   5.32 0.000   5.29 0.000 0.29 0.000 0.29 0.000  0.86 0.000  0.68 0.000  0.77 0.000  0.69 0.000  0.63 0.000  0.67 0.000 0.40 0.000 0.39 0.000  2.67 0.000  2.87 0.000   5.95 0.000   6.09 0.000 0.34 0.000 0.35 0.000
58 59  0.70 0.000  0.91 0.000 0.06 0.000 0.07 0.000   7.01 0.000   7.02 0.000 0.37 0.000 0.37 0.000  0.96 0.000  0.81 0.000  0.90 0.000  0.82 0.000  0.69 0.000  0.70 0.000 0.51 0.000 0.48 0.000  3.95 0.000  4.22 0.000   7.71 0.000   7.93 0.000 0.43 0.000 0.44 0.000
59 60  1.12 0.000  1.42 0.000 0.08 0.000 0.09 0.000   9.06 0.000  11.37 0.000 0.48 0.000 0.59 0.000  1.05 0.000  1.50 0.000  1.05 0.000  1.58 0.000  0.89 0.000  1.43 0.000 0.51 0.000 0.81 0.000  5.57 0.000  6.05 0.000  10.19 0.000  12.79 0.000 0.55 0.000 0.69 0.000
