ebas_test_data/DE0044R.20171207000000.20191113000000.hvs.levoglucosan.pm10.4mo.1d.DE08L_HVS_DIGITEL_DHA-80.DE08L_TROPOS_HPAEC.lev2.nas
74 1001
Spindler, Gerald; Fuchs, Susanne
DE08L, Leibniz Institute for Tropospheric Research, TROPOS, , Permoserstrasse 15, , 04318, Leipzig, Germany
Spindler, Gerald
ACTRIS EMEP COLOSSAL CAMPAIGN
1 1
2017 12 07 2019 11 13
1
Days from the file reference point
3
1 1 1
9999 999.99 9.999
end_time of measurement, days from the file reference point
levoglucosan, ng/m3
numflag levoglucosan, no unit
0
57
Data definition: EBAS_1.1
Set type code: TU
Timezone: UTC
File name: DE0044R.20171207000000.20191113000000.high_vol_sampler.levoglucosan.pm10.4mo.1d.DE08L_HVS_DIGITEL_DHA-80.DE08L_TROPOS_HPAEC.lev2.nas
Startdate: 20171207000000
Revision date: 20191113000000
Version: 2
Version description: initial revision, manually inspected
Data level: 2
Period code: 4mo
Resolution code: 1d
Sample duration: 1d
Orig. time res.: 1d
Station code: DE0044R
Platform code: DE0044S
Station name: Melpitz
Station land use: Agricultural
Station setting: rural
Station GAW type: R
Station WMO region: 6
Regime: IMG
Station latitude: 51.53
Station longitude: 12.9
Station altitude: 89m
Measurement height: 4m
Component: levoglucosan
Unit: ng/m3
Matrix: pm10
Laboratory code: DE08L
Instrument type: high_vol_sampler
Instrument name: HVS_DIGITEL_DHA-80
Analytical measurement technique: HPAEC
Analytical instrument manufacturer: DIONEX
Analytical instrument model: DIONEX ICS-3000
Analytical instrument name: TROPOS_HPAEC
Analytical instrument serial number: 07080682
Analytical laboratory code: DE08L
Inlet type: Impactor--direct
Flow rate: 30 m3/hour
Filter face velocity: 54.1 cm/s
Exposed filter area: 153.9 cm2
Humidity/temperature control: None
Volume std. temperature: ambient
Volume std. pressure: ambient
Medium: Quartz
Filter description: "Munktell", Sweden, type MK 360
Filter prefiring: 378K, 24h
Filter conditioning: 293.15K, 50%RH, 72h
Sample preparation: None
Blank correction: Not blank corrected
Artifact correction: None
Originator:                   Fuchs, Susanne, , , , , , , , , 
Originator: Spindler, Gerald, gerald.spindler@tropos.de, Leibniz Institute for Tropospheric Research,TROPOS,Department of chemistry,, Permoserstrasse 15, D-04318,Leipzig, German
Submitter: Spindler, Gerald, gerald.spindler@tropos.de, Leibniz Institute for Tropospheric Research,TROPOS,Department of chemistry,, Permoserstrasse 15, D-04318,Leipzig, German
Acknowledgement: Request acknowledgement details from data originator
Comment:
start_time	end_time	Levo	Levo_flag
0	1	85.60	0.000
1	2	53.50	0.000
2	3	73.30	0.000
3	4	89.30	0.000
4	5	109.30	0.000
5	6	45.30	0.000
6	7	86.70	0.000
7	8	37.10	0.000
8	9	154.90	0.000
9	10	322.20	0.000
10	11	69.50	0.000
11	12	157.80	0.000
12	13	303.00	0.000
13	14	168.40	0.000
14	15	77.00	0.000
15	16	63.10	0.000
16	17	67.40	0.000
17	18	56.80	0.000
18	19	59.80	0.000
19	20	97.90	0.000
20	21	209.30	0.000
21	22	186.80	0.000
22	23	111.00	0.000
23	24	91.70	0.000
24	25	59.60	0.000
25	26	70.60	0.000
26	27	47.50	0.000
27	28	38.30	0.000
28	29	51.30	0.000
29	30	67.10	0.000
30	31	144.30	0.000
31	32	116.40	0.000
32	33	337.80	0.000
33	34	420.50	0.000
34	35	300.70	0.000
35	36	591.50	0.000
36	37	619.80	0.000
37	38	370.40	0.000
38	39	323.30	0.000
39	40	230.50	0.000
40	41	57.50	0.000
41	42	45.00	0.000
42	43	31.50	0.000
43	44	76.90	0.000
44	45	211.00	0.000
45	46	459.90	0.000
46	47	264.30	0.000
47	48	115.20	0.000
48	49	102.10	0.000
49	50	185.00	0.000
50	51	267.60	0.000
51	52	275.30	0.000
52	53	83.70	0.000
53	54	44.30	0.000
54	55	76.80	0.000
55	56	112.30	0.000
56	57	84.70	0.000
57	58	112.80	0.000
58	59	92.70	0.000
59	60	146.00	0.000
60	61	253.90	0.000
61	62	250.80	0.000
62	63	438.30	0.000
63	64	620.90	0.000
64	65	333.80	0.000
65	66	324.00	0.000
66	67	157.60	0.000
67	68	69.60	0.000
68	69	81.80	0.000
69	70	246.70	0.000
70	71	291.40	0.000
71	72	115.50	0.000
72	73	191.70	0.000
73	74	157.30	0.000
74	75	191.70	0.000
75	76	360.80	0.000
76	77	289.90	0.000
77	78	176.10	0.000
78	79	289.50	0.000
79	80	187.80	0.000
80	81	156.50	0.000
81	82	137.30	0.000
82	83	176.90	0.000
83	84	252.70	0.000
84	85	363.00	0.000
85	86	480.60	0.000
86	87	435.10	0.000
87	88	439.90	0.000
88	89	330.10	0.000
89	90	460.40	0.000
90	91	355.90	0.000
91	92	60.50	0.000
92	93	121.40	0.000
93	94	999.99	0.999
94	95	160.70	0.000
95	96	126.40	0.000
96	97	38.80	0.000
97	98	34.80	0.000
98	99	100.80	0.000
99	100	202.10	0.000
100	101	108.60	0.000
101	102	76.10	0.000
102	103	137.70	0.000
103	104	141.80	0.000
104	105	63.10	0.000
105	106	85.50	0.000
106	107	31.20	0.000
107	108	125.30	0.000
108	109	218.90	0.000
