ebas_test_data/DE0044R.20171115000000.20211020145554.hvs.organic_carbon..47d.1d.DE08L_HVS_DIGITEL_DHA-80.DE08L_TROPOS_sunset_001.lev2.nas
132 1001
Spindler, Gerald; Roedger, Anke
DE08L, Leibniz Institute for Tropospheric Research, TROPOS, , Permoserstrasse 15, , 04318, Leipzig, Germany
Spindler, Gerald
ACTRIS EMEP
1 1
2017 01 01 2021 10 20
1
days from file reference point
45
1 1 1 1 1 1 1 1 1 1 1 1 1 1 1 1 1 1 1 1 1 1 1 1 1 1 1 1 1 1 1 1 1 1 1 1 1 1 1 1 1 1 1 1 1
999 99.99 9.999 99.99 9.999 9.99 9.999 9.99 9.999 99.99 9.999 99.99 9.999 9.99 9.999 9.99 9.999 9.99 9.999 9.99 9.999 9.99 9.999 9.99 9.999 9.99 9.999 9.99 9.999 9.99 9.999 9.99 9.999 99.99 9.999 99.99 9.999 99.99 9.999 99.99 9.999 9.99 9.999 9.99 9.999
end_time of measurement, days from the file reference point
elemental_carbon, ug C/m3, Revision date=20211020145212, Matrix=pm25, Artifact correction description=NA, Detection limit=0.015 ug C/m3, QA1 bias=10.0 %, QA1 variability=15.0 %
numflag elemental_carbon, no unit, Revision date=20211020145212, Matrix=pm25, Artifact correction description=NA, Detection limit=0.015 ug C/m3, QA1 bias=10.0 %, QA1 variability=15.0 %
elemental_carbon, ug C/m3, Matrix=pm10, Detection limit=0.015 ug C/m3, QA1 bias=10.0 %, QA1 variability=15.0 %
numflag elemental_carbon, no unit, Matrix=pm10, Detection limit=0.015 ug C/m3, QA1 bias=10.0 %, QA1 variability=15.0 %
elemental_carbon, ug C/m3, Revision date=20211020145212, Statistics=uncertainty, Matrix=pm25, Artifact correction description=NA
numflag elemental_carbon, no unit, Revision date=20211020145212, Statistics=uncertainty, Matrix=pm25, Artifact correction description=NA
elemental_carbon, ug C/m3, Statistics=uncertainty, Matrix=pm10
numflag elemental_carbon, no unit, Statistics=uncertainty, Matrix=pm10
organic_carbon, ug C/m3, Revision date=20211020145212, Matrix=pm25, Artifact correction description=NA, Detection limit=0.007 ug C/m3, QA1 bias=5.0 %, QA1 variability=6.0 %
numflag organic_carbon, no unit, Revision date=20211020145212, Matrix=pm25, Artifact correction description=NA, Detection limit=0.007 ug C/m3, QA1 bias=5.0 %, QA1 variability=6.0 %
organic_carbon, ug C/m3, Matrix=pm10, Detection limit=0.007 ug C/m3, QA1 bias=5.0 %, QA1 variability=6.0 %
numflag organic_carbon, no unit, Matrix=pm10, Detection limit=0.007 ug C/m3, QA1 bias=5.0 %, QA1 variability=6.0 %
organic_carbon, ug C/m3, Revision date=20211020145212, Statistics=uncertainty, Matrix=pm25, Artifact correction description=NA
numflag organic_carbon, no unit, Revision date=20211020145212, Statistics=uncertainty, Matrix=pm25, Artifact correction description=NA
organic_carbon, ug C/m3, Statistics=uncertainty, Matrix=pm10
numflag organic_carbon, no unit, Statistics=uncertainty, Matrix=pm10
organic_carbon, ug C/m3, Fraction=OC1, Revision date=20211020145212, Matrix=pm25, Artifact correction description=NA
numflag organic_carbon, no unit, Fraction=OC1, Revision date=20211020145212, Matrix=pm25, Artifact correction description=NA
organic_carbon, ug C/m3, Fraction=OC1, Matrix=pm10
numflag organic_carbon, no unit, Fraction=OC1, Matrix=pm10
organic_carbon, ug C/m3, Fraction=OC2, Revision date=20211020145212, Matrix=pm25, Artifact correction description=NA
numflag organic_carbon, no unit, Fraction=OC2, Revision date=20211020145212, Matrix=pm25, Artifact correction description=NA
organic_carbon, ug C/m3, Fraction=OC2, Matrix=pm10
numflag organic_carbon, no unit, Fraction=OC2, Matrix=pm10
[...]
Medium:                       Quartz
Filter prefiring:             378.0 K, 24.0 h
Filter conditioning:          293.15 K, 50.0 %RH, 72.0 h
Sample preparation:           None
Blank correction:             Not blank corrected
Artifact correction:          None
Charring correction:          By laser transmission
Humidity/temperature control: None
Volume std. temperature:      ambient
Volume std. pressure:         ambient
Detection limit expl.:        Determined by taking 3 times standard deviation of ensemble of field blanks
Zero/negative values code:    Zero possible
Zero/negative values:         Zero values may appear due to statistical variations at very low concentrations
QA1 measure ID:               ECAC-OCEC-2016-1
QA1 date:                     20160311
QA1 document name:            "Results of the inter-laboratory comparison exercise for TC and EC measurements (ref.: OCEC-2016-1)"
QA1 document URL:             "http://www.actris-ecac.eu/files/OCEC-2016-1-report.pdf"
Originator:                   Spindler, Gerald, , , , , , , , , 
Originator:                   Roedger, Anke, anke.roedger@tropos.de, Leibniz Institute for Tropospheric Research, TROPOS, Department of chemistry, , Permoserstrasse 15, D-04318, Leipzig, German
Submitter:                    Spindler, Gerald, , , , , , , , , 
Acknowledgement:              Request acknowledgement details from data originator
starttime endtime EC flag_EC EC flag_EC EC flag_EC EC flag_EC OC flag_OC OC flag_OC OC flag_OC OC flag_OC OC flag_OC OC flag_OC OC flag_OC OC flag_OC OC flag_OC OC flag_OC OC flag_OC OC flag_OC OC flag_OC OC flag_OC TC flag_TC TC flag_TC TC flag_TC TC flag_TC
318 319  0.61 0.000  0.42 0.000 0.05 0.000 0.04 0.000  1.22 0.000  1.68 0.000 0.10 0.000 0.12 0.000 0.25 0.000 0.21 0.000 0.26 0.000 0.26 0.000 0.16 0.000 0.28 0.000 0.22 0.000 0.23 0.000  0.58 0.000  0.95 0.000  1.82 0.000  2.10 0.000 0.15 0.000 0.16 0.000
319 320  0.53 0.000  0.64 0.000 0.05 0.000 0.05 0.000  2.06 0.000  2.75 0.000 0.14 0.000 0.17 0.000 0.29 0.000 0.31 0.000 0.33 0.000 0.41 0.000 0.21 0.000 0.35 0.000 0.23 0.000 0.30 0.000  1.24 0.000  1.65 0.000  2.59 0.000  3.39 0.000 0.19 0.000 0.23 0.000
320 321  0.42 0.000  0.53 0.000 0.04 0.000 0.05 0.000  1.32 0.000  1.47 0.000 0.10 0.000 0.11 0.000 0.25 0.000 0.22 0.000 0.30 0.000 0.28 0.000 0.24 0.000 0.33 0.000 0.21 0.000 0.26 0.000  0.57 0.000  0.65 0.000  1.74 0.000  2.00 0.000 0.14 0.000 0.16 0.000
321 322  0.51 0.000  0.55 0.000 0.05 0.000 0.05 0.000  1.61 0.000  1.80 0.000 0.12 0.000 0.13 0.000 0.29 0.000 0.26 0.000 0.32 0.000 0.29 0.000 0.22 0.000 0.33 0.000 0.20 0.000 0.27 0.000  0.85 0.000  0.92 0.000  2.12 0.000  2.35 0.000 0.16 0.000 0.18 0.000
322 323  0.15 0.000  0.16 0.000 0.03 0.000 0.03 0.000  0.43 0.000  0.47 0.000 0.06 0.000 0.06 0.000 0.16 0.000 0.13 0.000 0.13 0.000 0.14 0.000 0.11 0.000 0.14 0.000 0.12 0.000 0.14 0.000  0.17 0.000  0.17 0.000  0.58 0.000  0.63 0.000 0.09 0.000 0.09 0.000
323 324  0.17 0.000  0.21 0.000 0.03 0.000 0.03 0.000  0.52 0.000  0.61 0.000 0.06 0.000 0.07 0.000 0.16 0.000 0.17 0.000 0.16 0.000 0.15 0.000 0.11 0.000 0.17 0.000 0.11 0.000 0.17 0.000  0.23 0.000  0.21 0.000  0.69 0.000  0.82 0.000 0.09 0.000 0.10 0.000
324 325  0.31 0.000  0.35 0.000 0.04 0.000 0.04 0.000  0.59 0.000  0.76 0.000 0.06 0.000 0.07 0.000 0.16 0.000 0.13 0.000 0.16 0.000 0.17 0.000 0.13 0.000 0.20 0.000 0.13 0.000 0.15 0.000  0.27 0.000  0.37 0.000  0.90 0.000  1.11 0.000 0.10 0.000 0.11 0.000
325 326  0.29 0.000  0.39 0.000 0.04 0.000 0.04 0.000  1.38 0.000  2.00 0.000 0.10 0.000 0.14 0.000 0.25 0.000 0.26 0.000 0.26 0.000 0.33 0.000 0.22 0.000 0.43 0.000 0.22 0.000 0.28 0.000  0.69 0.000  0.95 0.000  1.67 0.000  2.39 0.000 0.14 0.000 0.18 0.000
326 327  0.51 0.000  0.52 0.000 0.05 0.000 0.05 0.000  1.71 0.000  2.07 0.000 0.12 0.000 0.14 0.000 0.30 0.000 0.32 0.000 0.34 0.000 0.38 0.000 0.44 0.000 0.51 0.000 0.26 0.000 0.33 0.000  0.62 0.000  0.79 0.000  2.22 0.000  2.59 0.000 0.17 0.000 0.19 0.000
327 328  0.40 0.000  0.49 0.000 0.04 0.000 0.05 0.000  1.65 0.000  2.09 0.000 0.12 0.000 0.14 0.000 0.32 0.000 0.34 0.000 0.31 0.000 0.37 0.000 0.30 0.000 0.49 0.000 0.24 0.000 0.32 0.000  0.72 0.000  0.82 0.000  2.05 0.000  2.57 0.000 0.16 0.000 0.19 0.000
328 329  0.16 0.000  0.19 0.000 0.03 0.000 0.03 0.000  0.73 0.000  0.91 0.000 0.07 0.000 0.08 0.000 0.21 0.000 0.22 0.000 0.18 0.000 0.19 0.000 0.14 0.000 0.20 0.000 0.14 0.000 0.17 0.000  0.31 0.000  0.38 0.000  0.88 0.000  1.10 0.000 0.10 0.000 0.11 0.000
329 330  0.25 0.000  0.30 0.000 0.03 0.000 0.04 0.000  0.98 0.000  1.14 0.000 0.08 0.000 0.09 0.000 0.22 0.000 0.21 0.000 0.20 0.000 0.22 0.000 0.15 0.000 0.24 0.000 0.17 0.000 0.22 0.000  0.50 0.000  0.51 0.000  1.23 0.000  1.44 0.000 0.12 0.000 0.13 0.000
330 331  0.17 0.000  0.22 0.000 0.03 0.000 0.03 0.000  0.72 0.000  0.97 0.000 0.07 0.000 0.08 0.000 0.18 0.000 0.21 0.000 0.19 0.000 0.21 0.000 0.15 0.000 0.24 0.000 0.15 0.000 0.22 0.000  0.31 0.000  0.35 0.000  0.89 0.000  1.19 0.000 0.10 0.000 0.12 0.000
331 332  0.20 0.000  0.23 0.000 0.03 0.000 0.03 0.000  0.56 0.000  0.60 0.000 0.06 0.000 0.07 0.000 0.19 0.000 0.16 0.000 0.14 0.000 0.14 0.000 0.14 0.000 0.16 0.000 0.13 0.000 0.15 0.000  0.21 0.000  0.25 0.000  0.75 0.000  0.83 0.000 0.09 0.000 0.10 0.000
332 333  0.36 0.000  0.47 0.000 0.04 0.000 0.05 0.000  1.27 0.000  1.54 0.000 0.10 0.000 0.11 0.000 0.25 0.000 0.27 0.000 0.27 0.000 0.28 0.000 0.19 0.000 0.27 0.000 0.20 0.000 0.25 0.000  0.62 0.000  0.72 0.000  1.63 0.000  2.00 0.000 0.14 0.000 0.16 0.000
333 334  0.82 0.000  0.90 0.000 0.06 0.000 0.07 0.000  2.76 0.000  3.31 0.000 0.17 0.000 0.20 0.000 0.44 0.000 0.47 0.000 0.51 0.000 0.53 0.000 0.39 0.000 0.51 0.000 0.33 0.000 0.36 0.000  1.35 0.000  1.71 0.000  3.58 0.000  4.21 0.000 0.24 0.000 0.27 0.000
334 335  1.02 0.470  0.96 0.470 0.07 0.000 0.07 0.000  3.37 0.470  3.49 0.470 0.20 0.000 0.21 0.000 0.52 0.000 0.50 0.000 0.60 0.000 0.59 0.000 0.63 0.000 0.51 0.000 0.41 0.000 0.36 0.000  1.47 0.000  1.80 0.000  4.39 0.470  4.45 0.470 0.28 0.000 0.28 0.000
335 336  0.87 0.000  1.03 0.000 0.07 0.000 0.07 0.000  3.87 0.000  4.16 0.000 0.23 0.000 0.24 0.000 0.56 0.000 0.52 0.000 0.60 0.000 0.63 0.000 0.41 0.000 0.47 0.000 0.34 0.000 0.39 0.000  2.24 0.000  2.42 0.000  4.74 0.000  5.19 0.000 0.29 0.000 0.32 0.000
336 337  0.44 0.000  0.45 0.000 0.04 0.000 0.05 0.000  2.38 0.000  2.48 0.000 0.15 0.000 0.16 0.000 0.35 0.000 0.31 0.000 0.38 0.000 0.39 0.000 0.27 0.000 0.29 0.000 0.26 0.000 0.28 0.000  1.38 0.000  1.48 0.000  2.82 0.000  2.93 0.000 0.20 0.000 0.20 0.000
337 338  0.31 0.000  0.30 0.000 0.04 0.000 0.04 0.000  0.76 0.000  0.85 0.000 0.07 0.000 0.08 0.000 0.19 0.000 0.18 0.000 0.20 0.000 0.21 0.000 0.15 0.000 0.22 0.000 0.16 0.000 0.19 0.000  0.32 0.000  0.32 0.000  1.08 0.000  1.16 0.000 0.11 0.000 0.12 0.000
338 339  0.21 0.000  0.25 0.000 0.03 0.000 0.03 0.000  0.74 0.000  0.98 0.000 0.07 0.000 0.08 0.000 0.18 0.000 0.21 0.000 0.18 0.000 0.21 0.000 0.10 0.000 0.19 0.000 0.13 0.000 0.19 0.000  0.41 0.000  0.46 0.000  0.96 0.000  1.23 0.000 0.10 0.000 0.12 0.000
339 340  0.25 0.000  0.27 0.000 0.03 0.000 0.04 0.000  1.29 0.000  1.41 0.000 0.10 0.000 0.11 0.000 0.23 0.000 0.24 0.000 0.25 0.000 0.26 0.000 0.13 0.000 0.16 0.000 0.18 0.000 0.19 0.000  0.77 0.000  0.82 0.000  1.54 0.000  1.68 0.000 0.13 0.000 0.14 0.000
340 341  0.29 0.000  0.34 0.000 0.04 0.000 0.04 0.000  1.42 0.000  1.58 0.000 0.11 0.000 0.11 0.000 0.25 0.000 0.24 0.000 0.27 0.000 0.28 0.000 0.20 0.000 0.26 0.000 0.20 0.000 0.25 0.000  0.77 0.000  0.81 0.000  1.71 0.000  1.91 0.000 0.14 0.000 0.15 0.000
341 342  0.24 0.000  0.27 0.000 0.03 0.000 0.04 0.000  0.78 0.000  0.83 0.000 0.07 0.000 0.08 0.000 0.19 0.000 0.18 0.000 0.18 0.000 0.19 0.000 0.19 0.000 0.22 0.000 0.17 0.000 0.19 0.000  0.32 0.000  0.31 0.000  1.02 0.000  1.11 0.000 0.11 0.000 0.11 0.000
342 343  0.25 0.000  0.34 0.000 0.03 0.000 0.04 0.000  0.98 0.000  1.34 0.000 0.08 0.000 0.10 0.000 0.22 0.000 0.21 0.000 0.21 0.000 0.23 0.000 0.19 0.000 0.39 0.000 0.19 0.000 0.24 0.000  0.43 0.000  0.53 0.000  1.24 0.000  1.68 0.000 0.12 0.000 0.14 0.000
343 344  0.31 0.000  0.34 0.000 0.04 0.000 0.04 0.000  1.27 0.000  1.25 0.000 0.10 0.000 0.10 0.000 0.19 0.000 0.18 0.000 0.25 0.000 0.22 0.000 0.34 0.000 0.34 0.000 0.22 0.000 0.22 0.000  0.52 0.000  0.55 0.000  1.58 0.000  1.59 0.000 0.14 0.000 0.14 0.000
344 345  0.50 0.470  0.54 0.470 0.05 0.000 0.05 0.000  1.62 0.470  1.59 0.470 0.12 0.000 0.11 0.000 0.37 0.000 0.31 0.000 0.37 0.000 0.32 0.000 0.35 0.000 0.35 0.000 0.25 0.000 0.25 0.000  0.54 0.000  0.61 0.000  2.12 0.470  2.13 0.470 0.16 0.000 0.16 0.000
345 346  0.22 0.000  0.27 0.000 0.03 0.000 0.04 0.000  0.81 0.000  1.22 0.000 0.08 0.000 0.10 0.000 0.24 0.000 0.24 0.000 0.21 0.000 0.31 0.000 0.15 0.000 0.31 0.000 0.15 0.000 0.21 0.000  0.32 0.000  0.41 0.000  1.03 0.000  1.49 0.000 0.11 0.000 0.13 0.000
346 347  0.30 0.000  0.34 0.000 0.04 0.000 0.04 0.000  0.93 0.000  1.11 0.000 0.08 0.000 0.09 0.000 0.23 0.000 0.22 0.000 0.22 0.000 0.23 0.000 0.18 0.000 0.24 0.000 0.19 0.000 0.23 0.000  0.37 0.000  0.46 0.000  1.22 0.000  1.44 0.000 0.12 0.000 0.13 0.000
347 348  0.16 0.000  0.19 0.000 0.03 0.000 0.03 0.000  0.42 0.000  0.69 0.000 0.06 0.000 0.07 0.000 0.18 0.000 0.22 0.000 0.13 0.000 0.20 0.000 0.11 0.000 0.19 0.000 0.12 0.000 0.16 0.000  0.15 0.000  0.18 0.000  0.59 0.000  0.88 0.000 0.09 0.000 0.10 0.000
348 349  0.56 0.000  0.55 0.000 0.05 0.000 0.05 0.000  1.29 0.000  1.53 0.000 0.10 0.000 0.11 0.000 0.29 0.000 0.32 0.000 0.27 0.000 0.30 0.000 0.21 0.000 0.33 0.000 0.21 0.000 0.25 0.000  0.57 0.000  0.60 0.000  1.85 0.000  2.08 0.000 0.15 0.000 0.16 0.000
349 350  0.80 0.000  0.92 0.000 0.06 0.000 0.07 0.000  2.59 0.000  3.00 0.000 0.16 0.000 0.19 0.000 0.40 0.000 0.53 0.000 0.45 0.000 0.53 0.000 0.37 0.000 0.54 0.000 0.30 0.000 0.38 0.000  1.33 0.000  1.28 0.000  3.39 0.000  3.92 0.000 0.23 0.000 0.25 0.000
350 351  0.22 0.000  0.23 0.000 0.03 0.000 0.03 0.000  0.72 0.000  0.92 0.000 0.07 0.000 0.08 0.000 0.21 0.000 0.24 0.000 0.21 0.000 0.20 0.000 0.13 0.000 0.23 0.000 0.14 0.000 0.19 0.000  0.29 0.000  0.32 0.000  0.94 0.000  1.15 0.000 0.10 0.000 0.12 0.000
351 352  0.43 0.000  0.51 0.000 0.04 0.000 0.05 0.000  1.57 0.000  2.02 0.000 0.11 0.000 0.14 0.000 0.31 0.000 0.33 0.000 0.33 0.000 0.38 0.000 0.22 0.000 0.37 0.000 0.23 0.000 0.28 0.000  0.74 0.000  0.93 0.000  2.00 0.000  2.53 0.000 0.16 0.000 0.19 0.000
352 353  0.76 0.000  0.72 0.000 0.06 0.000 0.06 0.000  2.64 0.000  3.27 0.000 0.17 0.000 0.20 0.000 0.42 0.000 0.46 0.000 0.51 0.000 0.56 0.000 0.37 0.000 0.49 0.000 0.28 0.000 0.35 0.000  1.32 0.000  1.68 0.000  3.40 0.000  3.99 0.000 0.23 0.000 0.26 0.000
353 354  0.51 0.000  0.56 0.000 0.05 0.000 0.05 0.000  1.67 0.000  2.02 0.000 0.12 0.000 0.14 0.000 0.28 0.000 0.29 0.000 0.35 0.000 0.36 0.000 0.24 0.000 0.30 0.000 0.23 0.000 0.27 0.000  0.84 0.000  1.07 0.000  2.18 0.000  2.58 0.000 0.17 0.000 0.19 0.000
354 355  0.35 0.000  0.42 0.000 0.04 0.000 0.04 0.000  0.85 0.000  1.28 0.000 0.08 0.000 0.10 0.000 0.22 0.000 0.24 0.000 0.21 0.000 0.25 0.000 0.13 0.000 0.27 0.000 0.15 0.000 0.21 0.000  0.40 0.000  0.58 0.000  1.20 0.000  1.70 0.000 0.12 0.000 0.14 0.000
355 356  0.18 0.000  0.20 0.000 0.03 0.000 0.03 0.000  0.92 0.000  1.28 0.000 0.08 0.000 0.10 0.000 0.22 0.000 0.22 0.000 0.22 0.000 0.26 0.000 0.11 0.000 0.21 0.000 0.13 0.000 0.19 0.000  0.49 0.000  0.67 0.000  1.10 0.000  1.48 0.000 0.11 0.000 0.13 0.000
356 357  0.19 0.000  0.24 0.000 0.03 0.000 0.03 0.000  0.86 0.000  1.17 0.000 0.08 0.000 0.09 0.000 0.19 0.000 0.22 0.000 0.21 0.000 0.23 0.000 0.10 0.000 0.14 0.000 0.12 0.000 0.16 0.000  0.51 0.000  0.67 0.000  1.05 0.000  1.40 0.000 0.11 0.000 0.13 0.000
357 358  0.15 0.000  0.21 0.000 0.03 0.000 0.03 0.000  0.56 0.000  0.88 0.000 0.06 0.000 0.08 0.000 0.17 0.000 0.20 0.000 0.18 0.000 0.22 0.000 0.10 0.000 0.18 0.000 0.12 0.000 0.16 0.000  0.25 0.000  0.37 0.000  0.71 0.000  1.09 0.000 0.09 0.000 0.11 0.000
358 359  0.17 0.470  0.23 0.470 0.03 0.000 0.03 0.000  0.62 0.470  0.81 0.470 0.07 0.000 0.08 0.000 0.17 0.000 0.19 0.000 0.21 0.000 0.19 0.000 0.14 0.000 0.20 0.000 0.14 0.000 0.17 0.000  0.23 0.000  0.32 0.000  0.79 0.470  1.04 0.470 0.10 0.000 0.11 0.000
359 360  0.24 0.000  0.27 0.000 0.03 0.000 0.04 0.000  1.03 0.000  1.13 0.000 0.09 0.000 0.09 0.000 0.17 0.000 0.23 0.000 0.24 0.000 0.23 0.000 0.22 0.000 0.21 0.000 0.17 0.000 0.19 0.000  0.48 0.000  0.52 0.000  1.28 0.000  1.40 0.000 0.12 0.000 0.13 0.000
360 361  0.49 0.000  0.52 0.000 0.05 0.000 0.05 0.000  2.09 0.000  2.49 0.000 0.14 0.000 0.16 0.000 0.32 0.000 0.40 0.000 0.36 0.000 0.45 0.000 0.30 0.000 0.38 0.000 0.25 0.000 0.26 0.000  1.12 0.000  1.26 0.000  2.58 0.000  3.02 0.000 0.19 0.000 0.21 0.000
361 362  0.43 0.000  0.47 0.000 0.04 0.000 0.05 0.000  1.55 0.000  1.77 0.000 0.11 0.000 0.12 0.000 0.27 0.000 0.32 0.000 0.32 0.000 0.35 0.000 0.26 0.000 0.34 0.000 0.24 0.000 0.25 0.000  0.72 0.000  0.77 0.000  1.97 0.000  2.25 0.000 0.16 0.000 0.17 0.000
362 363  0.26 0.000  0.29 0.000 0.03 0.000 0.04 0.000  0.98 0.000  1.18 0.000 0.08 0.000 0.09 0.000 0.21 0.000 0.26 0.000 0.20 0.000 0.25 0.000 0.16 0.000 0.24 0.000 0.18 0.000 0.21 0.000  0.48 0.000  0.48 0.000  1.24 0.000  1.47 0.000 0.12 0.000 0.13 0.000
363 364  0.21 0.000  0.20 0.000 0.03 0.000 0.03 0.000  0.60 0.000  0.82 0.000 0.06 0.000 0.08 0.000 0.15 0.000 0.19 0.000 0.15 0.000 0.20 0.000 0.15 0.000 0.20 0.000 0.15 0.000 0.15 0.000  0.25 0.000  0.35 0.000  0.81 0.000  1.02 0.000 0.10 0.000 0.11 0.000
364 365  0.19 0.000  0.19 0.000 0.03 0.000 0.03 0.000  0.54 0.000  0.75 0.000 0.06 0.000 0.07 0.000 0.17 0.000 0.15 0.000 0.14 0.000 0.19 0.000 0.16 0.000 0.22 0.000 0.15 0.000 0.18 0.000  0.18 0.000  0.27 0.000  0.73 0.000  0.93 0.000 0.09 0.000 0.10 0.000
