ebas_test_data/DE0044R.20180101000000.20211020145554.hvs.organic_carbon..74d.1d.DE08L_HVS_DIGITEL_DHA-80.DE08L_TROPOS_sunset_001.lev2.nas
133 1001
Spindler, Gerald; Roedger, Anke
DE08L, Leibniz Institute for Tropospheric Research, TROPOS, , Permoserstrasse 15, , 04318, Leipzig, Germany
Spindler, Gerald
ACTRIS EMEP
1 1
2018 01 01 2021 10 20
1
days from file reference point
45
1 1 1 1 1 1 1 1 1 1 1 1 1 1 1 1 1 1 1 1 1 1 1 1 1 1 1 1 1 1 1 1 1 1 1 1 1 1 1 1 1 1 1 1 1
99 99.99 9.999 99.99 9.999 9.99 9.999 9.99 9.999 999.99 9.999 999.99 9.999 9.99 9.999 9.99 9.999 99.99 9.999 99.99 9.999 99.99 9.999 99.99 9.999 99.99 9.999 99.99 9.999 9.99 9.999 9.99 9.999 99.99 9.999 99.99 9.999 999.99 9.999 999.99 9.999 9.99 9.999 9.99 9.999
end_time of measurement, days from the file reference point
elemental_carbon, ug C/m3, Revision date=20211020145212, Matrix=pm25, Detection limit=0.007 ug C/m3, QA1 bias=-6.0 %, QA1 variability=10.8 %
numflag elemental_carbon, no unit, Revision date=20211020145212, Matrix=pm25, Detection limit=0.007 ug C/m3, QA1 bias=-6.0 %, QA1 variability=10.8 %
elemental_carbon, ug C/m3, Matrix=pm10, Detection limit=0.007 ug C/m3, QA1 bias=-6.0 %, QA1 variability=10.8 %
numflag elemental_carbon, no unit, Matrix=pm10, Detection limit=0.007 ug C/m3, QA1 bias=-6.0 %, QA1 variability=10.8 %
elemental_carbon, ug C/m3, Revision date=20211020145212, Statistics=uncertainty, Matrix=pm25
numflag elemental_carbon, no unit, Revision date=20211020145212, Statistics=uncertainty, Matrix=pm25
elemental_carbon, ug C/m3, Statistics=uncertainty, Matrix=pm10
numflag elemental_carbon, no unit, Statistics=uncertainty, Matrix=pm10
organic_carbon, ug C/m3, Revision date=20211020145212, Matrix=pm25, Detection limit=0.007 ug C/m3, QA1 bias=10.4 %, QA1 variability=2.3 %
numflag organic_carbon, no unit, Revision date=20211020145212, Matrix=pm25, Detection limit=0.007 ug C/m3, QA1 bias=10.4 %, QA1 variability=2.3 %
organic_carbon, ug C/m3, Matrix=pm10, Detection limit=0.007 ug C/m3, QA1 bias=10.4 %, QA1 variability=2.3 %
numflag organic_carbon, no unit, Matrix=pm10, Detection limit=0.007 ug C/m3, QA1 bias=10.4 %, QA1 variability=2.3 %
organic_carbon, ug C/m3, Revision date=20211020145212, Statistics=uncertainty, Matrix=pm25
numflag organic_carbon, no unit, Revision date=20211020145212, Statistics=uncertainty, Matrix=pm25
organic_carbon, ug C/m3, Statistics=uncertainty, Matrix=pm10
numflag organic_carbon, no unit, Statistics=uncertainty, Matrix=pm10
organic_carbon, ug C/m3, Fraction=OC1, Revision date=20211020145212, Matrix=pm25
numflag organic_carbon, no unit, Fraction=OC1, Revision date=20211020145212, Matrix=pm25
organic_carbon, ug C/m3, Fraction=OC1, Matrix=pm10
numflag organic_carbon, no unit, Fraction=OC1, Matrix=pm10
organic_carbon, ug C/m3, Fraction=OC2, Revision date=20211020145212, Matrix=pm25
numflag organic_carbon, no unit, Fraction=OC2, Revision date=20211020145212, Matrix=pm25
organic_carbon, ug C/m3, Fraction=OC2, Matrix=pm10
numflag organic_carbon, no unit, Fraction=OC2, Matrix=pm10
organic_carbon, ug C/m3, Fraction=OC3, Revision date=20211020145212, Matrix=pm25
numflag organic_carbon, no unit, Fraction=OC3, Revision date=20211020145212, Matrix=pm25
organic_carbon, ug C/m3, Fraction=OC3, Matrix=pm10
numflag organic_carbon, no unit, Fraction=OC3, Matrix=pm10
organic_carbon, ug C/m3, Fraction=OC4, Revision date=20211020145212, Matrix=pm25
[...]
Charring correction:          By laser transmission
Humidity/temperature control: None
Volume std. temperature:      ambient
Volume std. pressure:         ambient
Detection limit expl.:        Determined by taking 3 times standard deviation of ensemble of field blanks
Zero/negative values code:    Zero possible
Zero/negative values:         Zero values may appear due to statistical variations at very low concentrations
QA1 measure ID:               ECAC-OCEC-2018-1
QA1 date:                     20180301
QA1 document name:            "Results of the inter-laboratory comparison exercise for TC and EC measurements (ref.: OCEC-2018-1)"
QA1 document URL:             "http://www.actris-ecac.eu/files/ECAC-report-OCEC-2018-1.pdf"
Originator:                   Spindler, Gerald, , , , , , , , , 
Originator:                   Roedger, Anke, anke.roedger@tropos.de, Leibniz Institute for Tropospheric Research, TROPOS, Department of chemistry, , Permoserstrasse 15, D-04318, Leipzig, German
Submitter:                    Spindler, Gerald, , , , , , , , , 
Acknowledgement:              Request acknowledgement details from data originator
Comment:                      "On the Website https://www.actris-ecac.eu/ocec-analyse.html the latest Report OCEC-2018-1 from March 2018 is not active for linking.The certificate exists and can be requested from spindler@tropos.de"
starttime endtime EC flag_EC EC flag_EC EC flag_EC EC flag_EC OC flag_OC OC flag_OC OC flag_OC OC flag_OC OC flag_OC OC flag_OC OC flag_OC OC flag_OC OC flag_OC OC flag_OC OC flag_OC OC flag_OC OC flag_OC OC flag_OC TC flag_TC TC flag_TC TC flag_TC TC flag_TC
[from data line 61]
61 62  1.12 0.000  1.56 0.000 0.08 0.000 0.10 0.000  11.62 0.000  15.57 0.000 0.60 0.000 0.80 0.000  1.42 0.000  1.71 0.000  1.47 0.000  1.71 0.000  1.05 0.000  1.41 0.000 0.68 0.000 0.82 0.000  7.00 0.000  9.93 0.000  12.74 0.000  17.13 0.000 0.68 0.000 0.90 0.000
62 63  0.99 0.000  1.32 0.000 0.07 0.000 0.09 0.000  11.77 0.000  13.77 0.000 0.61 0.000 0.71 0.000  1.31 0.000  1.40 0.000  1.39 0.000  1.52 0.000  1.07 0.000  1.25 0.000 0.67 0.000 0.78 0.000  7.32 0.000  8.82 0.000  12.76 0.000  15.08 0.000 0.68 0.000 0.80 0.000
63 64  0.76 0.000  1.02 0.000 0.06 0.000 0.07 0.000   9.30 0.000  10.27 0.000 0.49 0.000 0.54 0.000  1.06 0.000  1.05 0.000  1.16 0.000  1.14 0.000  0.74 0.000  0.81 0.000 0.55 0.000 0.59 0.000  5.79 0.000  6.67 0.000  10.06 0.000  11.29 0.000 0.55 0.000 0.61 0.000
64 65  0.75 0.000  0.89 0.000 0.06 0.000 0.07 0.000   8.61 0.000  10.60 0.000 0.45 0.000 0.55 0.000  1.09 0.000  1.20 0.000  1.11 0.000  1.24 0.000  0.58 0.000  0.63 0.000 0.50 0.000 0.58 0.000  5.34 0.000  6.95 0.000   9.37 0.000  11.49 0.000 0.51 0.000 0.62 0.000
65 66  0.80 0.000  0.84 0.000 0.06 0.000 0.06 0.000   7.00 0.000   8.26 0.000 0.37 0.000 0.44 0.000  0.82 0.000  0.90 0.000  0.91 0.000  0.95 0.000  0.56 0.000  0.57 0.000 0.42 0.000 0.48 0.000  4.28 0.000  5.35 0.000   7.80 0.000   9.10 0.000 0.43 0.000 0.50 0.000
66 67  0.18 0.000  0.22 0.000 0.03 0.000 0.03 0.000   1.42 0.000   1.47 0.000 0.09 0.000 0.10 0.000  0.29 0.000  0.31 0.000  0.26 0.000  0.28 0.000  0.20 0.000  0.26 0.000 0.17 0.000 0.19 0.000  0.50 0.000  0.43 0.000   1.60 0.000   1.69 0.000 0.12 0.000 0.13 0.000
67 68  0.25 0.000  0.28 0.000 0.03 0.000 0.04 0.000   1.48 0.000   1.65 0.000 0.10 0.000 0.10 0.000  0.30 0.000  0.31 0.000  0.25 0.000  0.31 0.000  0.24 0.000  0.29 0.000 0.20 0.000 0.21 0.000  0.49 0.000  0.53 0.000   1.73 0.000   1.92 0.000 0.13 0.000 0.14 0.000
68 69  0.80 0.470  0.56 0.470 0.11 0.000 0.05 0.000   4.59 0.470   3.18 0.470 0.30 0.000 0.18 0.000  0.74 0.000  0.46 0.000  0.94 0.000  0.55 0.000  1.01 0.000  0.51 0.000 0.75 0.000 0.31 0.000  1.14 0.000  1.35 0.000   5.39 0.470   3.74 0.470 0.41 0.000 0.23 0.000
69 70  0.33 0.000  0.37 0.000 0.04 0.000 0.04 0.000   3.70 0.000   3.56 0.000 0.21 0.000 0.20 0.000  0.62 0.000  0.52 0.000  0.58 0.000  0.54 0.000  0.55 0.000  0.54 0.000 0.32 0.000 0.29 0.000  1.63 0.000  1.67 0.000   4.04 0.000   3.92 0.000 0.25 0.000 0.24 0.000
70 71  0.36 0.000  0.45 0.000 0.04 0.000 0.04 0.000   3.11 0.000   3.11 0.000 0.18 0.000 0.18 0.000  0.46 0.000  0.35 0.000  0.52 0.000  0.48 0.000  0.41 0.000  0.46 0.000 0.29 0.000 0.26 0.000  1.42 0.000  1.55 0.000   3.47 0.000   3.56 0.000 0.22 0.000 0.22 0.000
71 72  0.22 0.000  0.27 0.000 0.03 0.000 0.04 0.000   1.23 0.000   1.56 0.000 0.08 0.000 0.10 0.000  0.20 0.000  0.20 0.000  0.24 0.000  0.26 0.000  0.25 0.000  0.41 0.000 0.15 0.000 0.21 0.000  0.39 0.000  0.48 0.000   1.45 0.000   1.83 0.000 0.12 0.000 0.14 0.000
72 73  0.15 0.000  0.18 0.000 0.03 0.000 0.03 0.000   1.17 0.000   1.31 0.000 0.08 0.000 0.09 0.000  0.24 0.000  0.22 0.000  0.22 0.000  0.22 0.000  0.12 0.000  0.19 0.000 0.12 0.000 0.14 0.000  0.46 0.000  0.54 0.000   1.32 0.000   1.49 0.000 0.11 0.000 0.12 0.000
73 74  0.29 0.000  0.32 0.000 0.04 0.000 0.04 0.000   3.04 0.000   3.47 0.000 0.17 0.000 0.20 0.000  0.41 0.000  0.39 0.000  0.44 0.000  0.42 0.000  0.23 0.000  0.27 0.000 0.22 0.000 0.25 0.000  1.74 0.000  2.15 0.000   3.33 0.000   3.79 0.000 0.21 0.000 0.23 0.000
