ebas_test_data/ES0020U.20171202070000.20181126132000.hvs.organic_carbon.pm1.3mo.8d.ES08L_HVS_DIGITEL_UGR_pm1.ES05L_OCEC_Sunset_IDAEA.lev2.nas
107 1001
Alados-Arboledas, Lucas; Titos, Gloria	
ES08L, University of Granada, , Atmospheric Physics Group - Andalusian Center for Environmental Studies - Dept. Applied Physics, Avda. del Mediterráneo s/n, , 18006, Granada, Spain
Alados-Arboledas, Lucas; Titos, Gloria
EMEP GAW-WDCA NOAA-ESRL ACTRIS COLOSSAL CAMPAIGN			
1 1																									
2017 12 02 2018 11 26	
0																						
Days from the file reference point (start_time)
25						
1 1 1 1 1 1 1 1 1 1 1 1 1 1 1 1 1 1 1 1 1 1 1 1 1
999.999999 9999 9999 99.999 9.999999999 99.999 9.999999999 99.999 9.999999999 99.999 9.999999999 99.999 9.999999999 99.999 9.999999999 99.999 9.999999999 99.999 9.999999999 99.999 9.999999999 99.999 9.999999999 99.999 9.999999999
end_time of measurement, days from the file reference point
start_time of measurement, year 									
end_time of measurement, year
elemental_carbon, ug C/m3				
numflag elemental_carbon, no unit							
elemental_carbon, ug C/m3, Statistics=uncertainty									
numflag elemental_carbon, no unit, Statistics=uncertainty					
organic_carbon, ug C/m3												
numflag organic_carbon, no unit															
organic_carbon, ug C/m3, Statistics=uncertainty
numflag organic_carbon, no unit, Statistics=uncertainty				
organic_carbon, ug C/m3, Fraction=OC1										
numflag organic_carbon, no unit, Fraction=OC1													
organic_carbon, ug C/m3, Fraction=OC2												
numflag organic_carbon, no unit, Fraction=OC2															
organic_carbon, ug C/m3, Fraction=OC3		
numflag organic_carbon, no unit, Fraction=OC3					
organic_carbon, ug C/m3, Fraction=OC4									
numflag organic_carbon, no unit, Fraction=OC4												
organic_carbon, ug C/m3, Fraction=Ocpyr	
numflag organic_carbon, no unit, Fraction=Ocpyr					
total_carbon, ug C/m3	
numflag total_carbon, no unit			
total_carbon, ug C/m3, Statistics=uncertainty				
numflag total_carbon, no unit, Statistics=uncertainty							
0																									
68
Data definition:              EBAS_1.1	
Set type code:                TI						
Station code:                 ES0020U	
Platform code:                ES0020S				
Timezone:                     UTC								
File name:                    ES0020U.20171202070000.20181126093000.high_vol_sampler.organic_carbon.pm1.3mo.8d.ES08L_HVS_MCV_UGR_pm1.ES05L_OCEC_Sunset_IDAEA.lev2																									
Startdate:                    20171202070000					
Revision date:                20181126132000									
Version:                     1														
Statistics:                   arithmetic mean												
Data level:                   2				
Period code:                  3mo								
Resolution code:              8d
Sample duration:              1d				
Orig. time res.:              8d								
Station WDCA-ID:              GAWAES__UGR			
Station GAW-ID:               UGR								
Measurement latitude:         37.16400											
Measurement longitude:        -3.60500		
Measurement altitude:         680m		
Measurement height:	       10m												
Station land use:             Residential				
Station setting:              Suburban								
Station GAW type:             C													
Station WMO region:           6	
Component:                    organic_carbon				
Unit:                         ug C/m3									
Matrix:                       pm1	
Instrument type:              high_vol_sampler			
Laboratory code:              ES08L
Instrument name:              HVS_DIGITEL_UGR_pm1			
Instrument manufacturer:      DIGITEL
Instrument model:             DHA-80	
Analytical laboratory code:   ES05L
Analytical measurement technique: thermal-optical_analysis
Analytical instrument manufacturer: Sunset Laboratory
Analytical instrument model:  Carbon Aerosol Analyzer
Analytical instrument name:   OCEC_Sunset_IDAEA
Analytical instrument serial number:  										
Method ref:                   ES05L_OCEC_Sunset_IDAEA
Standard method:              SOP=EMEP_manual_v2014, TEMP=EUSAAR_2
Inlet type:                   Impactor--direct				
Inlet description:            Upward facing with rain shield	
Flow rate:                    
Filter face velocity:          
Exposed filter area:           									
Humidity/temperature control: None																	
Medium:                       Quartz
Filter description:           
Filter prefiring:             
Filter conditioning:          
Artifact correction:		
Artifact correction description:
Charring correction:		
Sample preparation:           None					
Blank correction:             Blank corrected								
Volume std. temperature:      ambient												
Volume std. pressure:         ambient	
Detection limit:														
Detection limit expl.:        LOD provided by the instrumental manufacturer was used								
Measurement uncertainty expl.: Measurement uncertainty includes quantifiable uncertainty										
Zero/negative values code:    Zero/negative possible		
Zero/negative values:         Zero/negative values reported as measured if within detection limit, flagged with 780								
Originator:                   Alados-Arboledas, Lucas, , , , , , , , , 									
Originator:                   Titos,Gloria, , , , , , , , , 								
Submitter:                    Titos, Gloria, , , , , , , , , 															
Acknowledgement:              Request acknowledgement details from data originator				
starttime	endtime	st_y	ed_y	EC	EC_flag	EC_unc	EC_unc_flag	OC	OC_flag	OC_unc	OC_unc_flag	OC_peak1	OC_peak1_flag	OC_peak2	OC_peak2_flag	OC_peak3	OC_peak3_flag	OC_peak4	OC_peak4_flag	OC_pyr	OC_pyr_flag	TC	TC_flag	TC_unc	TC_unc_flag
0.291667	1.291667	2017	2017	0.304	0.000000000	0.026	0.000000000	1.202	0.000000000	0.171	0.000000000	0.275	0.000000000	0.207	0.000000000	0.146	0.000000000	0.241	0.000000000	0.332	0.000000000	1.506	0.000000000	0.143	0.000000000
4.291667	5.291667	2017	2017	1.981	0.000000000	0.130	0.000000000	6.250	0.000000000	0.534	0.000000000	1.158	0.000000000	1.089	0.000000000	1.323	0.000000000	0.594	0.000000000	2.087	0.000000000	8.231	0.000000000	0.669	0.000000000
8.291666667	9.291667	2017	2017	2.401	0.000000000	0.159	0.000000000	5.728	0.000000000	0.498	0.000000000	1.046	0.000000000	0.812	0.000000000	0.981	0.000000000	0.581	0.000000000	2.307	0.000000000	8.129	0.000000000	0.661	0.000000000
16.29166667	17.291667	2017	2017	2.283	0.000000000	0.149	0.000000000	7.429	0.000000000	0.628	0.000000000	1.371	0.000000000	1.056	0.000000000	1.326	0.000000000	0.632	0.000000000	3.044	0.000000000	9.713	0.000000000	0.787	0.000000000
24.29166667	25.291667	2017	2017	3.280	0.000000000	0.215	0.000000000	7.919	0.000000000	0.664	0.000000000	1.567	0.000000000	1.364	0.000000000	1.821	0.000000000	0.725	0.000000000	2.442	0.000000000	11.199	0.000000000	0.906	0.000000000
48.29166667	49.291667	2018	2018	3.548	0.000000000	0.238	0.000000000	5.872	0.000000000	0.509	0.000000000	1.156	0.000000000	1.058	0.000000000	1.310	0.000000000	0.590	0.000000000	1.758	0.000000000	9.420	0.000000000	0.764	0.000000000
56.29166667	57.291667	2018	2018	2.568	0.000000000	0.169	0.000000000	6.667	0.000000000	0.569	0.000000000	0.874	0.000000000	1.011	0.000000000	1.256	0.000000000	0.845	0.000000000	2.682	0.000000000	9.236	0.000000000	0.749	0.000000000
64.29166667	65.291667	2018	2018	1.536	0.000000000	0.103	0.000000000	4.350	0.000000000	0.393	0.000000000	0.853	0.000000000	0.631	0.000000000	0.815	0.000000000	0.516	0.000000000	1.535	0.000000000	5.886	0.000000000	0.483	0.000000000
73.29166667	74.291667	2018	2018	1.410	0.000000000	0.092	0.000000000	5.898	0.000000000	0.508	0.000000000	1.080	0.000000000	0.922	0.000000000	1.151	0.000000000	0.563	0.000000000	2.183	0.000000000	7.308	0.000000000	0.596	0.000000000
80.29166667	81.291667	2018	2018	0.854	0.000000000	0.057	0.000000000	4.595	0.000000000	0.410	0.000000000	0.745	0.000000000	0.642	0.000000000	0.602	0.000000000	0.466	0.000000000	2.139	0.000000000	5.448	0.000000000	0.448	0.000000000
90.29166667	91.291667	2018	2018	0.516	0.000000000	0.048	0.000000000	0.848	0.000000000	0.154	0.000000000	0.157	0.000000000	0.158	0.000000000	0.108	0.000000000	0.245	0.000000000	0.182	0.000000000	1.364	0.000000000	0.136	0.000000000
