ebas_test_data/ES0024U.20171201000000.20180608064500.hvs.ocec.pm10.3mo.3d.ES10L_Digitel_hvs_914.ES05L_Sunset_Carbon_Aerosol_Analyser.lev2.nas
117 1001 
Piñeiro-Iglesias, Maria; Lopez-Mahia, Purificación; Muniategui-Lorenzo, Soledad
ES10L, Instituto Universitario de Medio Ambiente, IUMA, Universidade da Coruña, Pazo de Lóngora, C/Casares Quiroga 29, 15179, Oleiros, Spain
Piñeiro-Iglesias, Maria; Fernández-Amado, María
CAMPAIGN COLOSSAL
1 1
2017 12 01 2018 06 08
3
days from file reference point
23
1 1 1 1 1 1 1 1 1 1 1 1 1 1 1 1 1 1 1 1 1 1 1
9999.999999 99.99 9.999999999 99.99 9.999999999 99.99 9.999999999 99.99 9.999999999 99.99 9.999999999 99.99 9.999999999 99.99 9.999999999 99.99 9.999999999 99.99 9.999999999 99.99 9.999999999 99.99 9.999999999
end_time of measurement, days from the file reference point
total_carbon, ug C/m3, QA1 bias=-4%, QA1 variability=2.6%, Detection limit=0.043 ug C/m3
numflag total_carbon, no unit
total_carbon, ug C/m3, Statistics=uncertainty
numflag total_carbon, no unit, Statistics=uncertainty
elemental_carbon, ug C/m3, QA1 bias=15.1%, QA1 variability=10.8%, Detection limit=0.043 ug C/m3
numflag elemental_carbon, no unit
elemental_carbon, ug C/m3, Statistics=uncertainty
numflag elemental_carbon, no unit, Statistics=uncertainty
organic_carbon, ug C/m3, QA1 bias=-6.1%, QA1 variability=6.2%, Detection limit=0.043 ug C/m3
numflag organic_carbon, no unit
organic_carbon, ug C/m3, Statistics=uncertainty
numflag organic_carbon, no unit, Statistics=uncertainty
organic_carbon, ug C/m3, Fraction=OC1
numflag organic_carbon, no unit, Fraction=OC1
organic_carbon, ug C/m3, Fraction=OC2
numflag organic_carbon, no unit, Fraction=OC2
organic_carbon, ug C/m3, Fraction=OC3
numflag organic_carbon, no unit, Fraction=OC3
organic_carbon, ug C/m3, Fraction=OC4
numflag organic_carbon, no unit, Fraction=OC4
organic_carbon, ug C/m3, Fraction=OCPyr
numflag organic_carbon, no unit, Fraction=OCPyr
0
80
Data definition:                         EBAS_1.1 
Set type code:                           TU 
Timezone:                                UTC 
File name:                               ES0024U.20171201000000.20180608064500.high_vol_sampler.ocec.pm10.3mo.3d.ES10L_Digitel_hvs_914..lev2.nas 
Startdate:                               20171201000000 
Revision date:                           20180608064500
Version:                                 1 
Version description:                     initial revision, manually inspected 
Data level:                              2 
Period code:                             3mo 
Resolution code:                         3d
Sample duration:                         1d
Orig. time res.:                         1d
Station code:                            ES0024U
Platform code:                           ES0024S
Station name:                            IUMA
Station WDCA-ID:                      
Station GAW-Name:                        
Station GAW-ID:                          
Station AIRS-ID:                          
Station other IDs:                        
Station state/province:                   
Station land use:                        Residential
Station setting:                         Suburban
Station GAW type:                        
Station WMO region:                      6 
Station latitude:                        43.34
Station longitude:                       -8.35
Station altitude:                        45m 
Measurement latitude:                    43.34
Measurement longitude:                   -8.35
Measurement altitude:                    45m 
Measurement height:                      4m 
Component:                               ocec 
Unit:                                    ug C/m3 
Matrix:                                  pm10
Laboratory code:                         ES10L
Instrument type:                         high_vol_sampler 
Instrument manufacturer:                 DIGITEL
Instrument model:                        DHA-80
Instrument name:                         Digitel_hvs_914
Instrument serial number:                914 
Analytical laboratory code:              ES05L 
Analytical measurement technique:        thermal-optical_analysis 
Analytical instrument manufacturer:      Sunset Laboratory 
Analytical instrument model:             Carbon Aerosol Analyzer 
Analytical instrument name:              Sunset_Lab_OCEC_Carbon_Aerosol_Analyser 
Analytical instrument serial number:     202 
Charring correction:                     By laser transmission 
Standard method:                         SOP=EMEP_manual_v2014, TEMP=EUSAAR_2 
Inlet type:                              Impactor--direct 
Inlet description:                       
Flow rate:                               30 m3/hour
Filter face velocity:                    54.1 cm/s 
Exposed filter area:                     153.94 cm2 
Humidity/temperature control:            None 
Humidity/temperature control description: filter kept at ambient conditions together with sampling head 
Medium:                                  Quartz 
Filter description:                      Micro-Quartz Fibre Disc 150 mm Munktell/Ahlstrom
Filter prefiring:                        Not prefired
Filter conditioning:                     293.15K, 50%RH, 48h 
Sample preparation:                      None 
Blank correction:                        Not blank corrected 
Artifact correction:                     None 
Artifact correction description:          
Detection limit expl.:                    
Measurement uncertainty expl.:           
Zero/negative values code:               Zero/negative possible 
Zero/negative values:                    
QA1 measure ID:                          ECAC-OCEC-2018-1
QA1 date:                                20180331
QA1 document URL:                        "http://www.actris-ecac.eu/files/ECAC-report-OCEC-2018-1.pdf"                               
Originator:                              Piñeiro-Iglesias, Maria, mariap@udc.es, IUMA, UDC, , C/ Casares Quiroga 29, , 15179, Oleiros-A Coruña, Spain
Originator:                              Lopez-Mahia, Purificación, purmahia@udc.es, IUMA, UDC, , C/ Casares Quiroga 29, , 15179, Oleiros-A Coruña, Spain
Originator:                              Muniategui-Lorenzo, Soledad, smuniat@udc.es, IUMA, UDC, , C/ Casares Quiroga 29, , 15179, Oleiros-A Coruña, Spain
Submitter:                               Fernández-Amado, María, quimfa01@udc.es, IUMA, UDC, , C/ Casares Quiroga 29, , 15179, Oleiros-A Coruña, Spain
Submitter:                               Piñeiro-Iglesias, Maria, mariap@udc.es, IUMA, UDC, , C/ Casares Quiroga 29, , 15179, Oleiros-A Coruña, Spain
Acknowledgement:                         Request acknowledgement details from data originator 
Comment:                                  
start_time end_time TC TC_flag TC_uncert TC_uncert_flag EC EC_flag EC_uncert EC_uncert_flag OC OC_flag OC_uncert OC_uncert_flag OC_peak1 OC_peak1_flag OC_peak2 OC_peak2_flag OC_peak3 OC_peak3_flag OC_peak4 OC_peak4_flag OC_Pyr OC_Pyr_flag
0.000000 1.000000 4.54 0.000000000 0.27 0.000000000 0.76 0.000000000 0.06 0.000000000 3.78 0.000000000 0.21 0.000000000 0.62 0.000000000 0.72 0.000000000 0.88 0.000000000 0.41 0.000000000 1.15 0.000000000
3.000000 4.000000 8.84 0.000000000 0.48 0.000000000 1.54 0.000000000 0.10 0.000000000 7.30 0.000000000 0.39 0.000000000 1.11 0.000000000 1.45 0.000000000 1.92 0.000000000 0.61 0.000000000 2.21 0.000000000
6.000000 7.000000 6.13 0.000000000 0.35 0.000000000 0.78 0.000000000 0.06 0.000000000 5.34 0.000000000 0.29 0.000000000 0.68 0.000000000 0.93 0.000000000 1.32 0.000000000 0.46 0.000000000 1.95 0.000000000
9.000000 10.000000 1.47 0.000000000 0.11 0.000000000 0.15 0.000000000 0.03 0.000000000 1.32 0.000000000 0.09 0.000000000 0.51 0.000000000 0.20 0.000000000 0.30 0.000000000 0.21 0.000000000 0.10 0.000000000
12.000000 13.000000 5.07 0.000000000 0.30 0.000000000 0.98 0.000000000 0.07 0.000000000 4.08 0.000000000 0.23 0.000000000 0.62 0.000000000 0.73 0.000000000 0.94 0.000000000 0.40 0.000000000 1.39 0.000000000
15.000000 16.000000 2.11 0.000000000 0.15 0.000000000 0.52 0.000000000 0.05 0.000000000 1.60 0.000000000 0.10 0.000000000 0.31 0.000000000 0.27 0.000000000 0.45 0.000000000 0.28 0.000000000 0.29 0.000000000
18.000000 19.000000 3.72 0.000000000 0.23 0.000000000 0.94 0.000000000 0.07 0.000000000 2.78 0.000000000 0.16 0.000000000 0.52 0.000000000 0.48 0.000000000 0.70 0.000000000 0.35 0.000000000 0.71 0.000000000
21.000000 22.000000 6.86 0.000000000 0.39 0.000000000 1.51 0.000000000 0.10 0.000000000 5.35 0.000000000 0.29 0.000000000 0.70 0.000000000 0.93 0.000000000 1.29 0.000000000 0.47 0.000000000 1.96 0.000000000
24.000000 25.000000 3.23 0.000000000 0.20 0.000000000 0.43 0.000000000 0.04 0.000000000 2.80 0.000000000 0.16 0.000000000 0.37 0.000000000 0.44 0.000000000 0.67 0.000000000 0.38 0.000000000 0.94 0.000000000
27.000000 28.000000 2.60 0.000000000 0.17 0.000000000 0.57 0.000000000 0.05 0.000000000 2.03 0.000000000 0.12 0.000000000 0.28 0.000000000 0.31 0.000000000 0.50 0.000000000 0.34 0.000000000 0.61 0.000000000
30.000000 31.000000 1.06 0.000000000 0.09 0.000000000 0.14 0.000000000 0.03 0.000000000 0.92 0.000000000 0.07 0.000000000 0.19 0.000000000 0.13 0.000000000 0.22 0.000000000 0.22 0.000000000 0.16 0.000000000
33.000000 34.000000 0.99 0.000000000 0.09 0.000000000 0.23 0.000000000 0.03 0.000000000 0.75 0.000000000 0.06 0.000000000 0.14 0.000000000 0.12 0.000000000 0.23 0.000000000 0.18 0.000000000 0.07 0.000000000
36.000000 37.000000 3.38 0.000000000 0.21 0.000000000 0.61 0.000000000 0.05 0.000000000 2.77 0.000000000 0.16 0.000000000 0.44 0.000000000 0.49 0.000000000 0.54 0.000000000 0.31 0.000000000 0.99 0.000000000
39.000000 40.000000 2.79 0.000000000 0.18 0.000000000 0.45 0.000000000 0.04 0.000000000 2.34 0.000000000 0.14 0.000000000 0.43 0.000000000 0.38 0.000000000 0.57 0.000000000 0.31 0.000000000 0.65 0.000000000
42.000000 43.000000 2.55 0.000000000 0.17 0.000000000 0.40 0.000000000 0.04 0.000000000 2.15 0.000000000 0.13 0.000000000 0.38 0.000000000 0.37 0.000000000 0.48 0.000000000 0.33 0.000000000 0.59 0.000000000
45.000000 46.000000 3.03 0.000000000 0.19 0.000000000 0.44 0.000000000 0.04 0.000000000 2.58 0.000000000 0.15 0.000000000 0.43 0.000000000 0.46 0.000000000 0.56 0.000000000 0.29 0.000000000 0.84 0.000000000
48.000000 49.000000 4.07 0.000000000 0.25 0.000000000 0.59 0.000000000 0.05 0.000000000 3.49 0.000000000 0.20 0.000000000 0.52 0.000000000 0.60 0.000000000 0.75 0.000000000 0.39 0.000000000 1.23 0.000000000
51.000000 52.000000 2.57 0.000000000 0.17 0.000000000 0.57 0.000000000 0.05 0.000000000 2.00 0.000000000 0.12 0.000000000 0.40 0.000000000 0.34 0.000000000 0.54 0.000000000 0.27 0.000000000 0.46 0.000000000
54.000000 55.000000 2.73 0.000000000 0.18 0.000000000 0.44 0.000000000 0.04 0.000000000 2.29 0.000000000 0.14 0.000000000 0.38 0.000000000 0.39 0.000000000 0.53 0.000000000 0.30 0.000000000 0.68 0.000000000
57.000000 58.000000 4.58 0.000000000 0.27 0.000000000 0.90 0.000000000 0.07 0.000000000 3.69 0.000000000 0.21 0.000000000 0.58 0.000000000 0.64 0.000000000 0.71 0.000000000 0.35 0.000000000 1.40 0.000000000
60.000000 61.000000 8.36 0.000000000 0.46 0.000000000 1.57 0.000000000 0.10 0.000000000 6.79 0.000000000 0.36 0.000000000 1.02 0.000000000 1.12 0.000000000 1.36 0.000000000 0.52 0.000000000 2.77 0.000000000
63.000000 64.000000 3.97 0.000000000 0.24 0.000000000 0.74 0.000000000 0.06 0.000000000 3.23 0.000000000 0.18 0.000000000 0.49 0.000000000 0.57 0.000000000 0.71 0.000000000 0.40 0.000000000 1.06 0.000000000
66.000000 67.000000 2.29 0.000000000 0.16 0.000000000 0.41 0.000000000 0.04 0.000000000 1.88 0.000000000 0.12 0.000000000 0.48 0.000000000 0.33 0.000000000 0.41 0.000000000 0.30 0.000000000 0.36 0.000000000
69.000000 70.000000 3.21 0.000000000 0.20 0.000000000 0.63 0.000000000 0.05 0.000000000 2.58 0.000000000 0.15 0.000000000 0.47 0.000000000 0.49 0.000000000 0.54 0.000000000 0.32 0.000000000 0.76 0.000000000
72.000000 73.000000 1.45 0.000000000 0.11 0.000000000 0.18 0.000000000 0.03 0.000000000 1.27 0.000000000 0.08 0.000000000 0.26 0.000000000 0.21 0.000000000 0.30 0.000000000 0.24 0.000000000 0.26 0.000000000
75.000000 76.000000 1.15 0.000000000 0.10 0.000000000 0.27 0.000000000 0.03 0.000000000 0.88 0.000000000 0.06 0.000000000 0.22 0.000000000 0.16 0.000000000 0.23 0.000000000 0.17 0.000000000 0.10 0.000000000
78.000000 79.000000 2.86 0.000000000 0.19 0.000000000 0.52 0.000000000 0.05 0.000000000 2.35 0.000000000 0.14 0.000000000 0.47 0.000000000 0.39 0.000000000 0.51 0.000000000 0.32 0.000000000 0.66 0.000000000
81.000000 82.000000 1.78 0.000000000 0.13 0.000000000 0.44 0.000000000 0.04 0.000000000 1.34 0.000000000 0.09 0.000000000 0.33 0.000000000 0.22 0.000000000 0.30 0.000000000 0.26 0.000000000 0.22 0.000000000
84.000000 85.000000 3.76 0.000000000 0.23 0.000000000 0.79 0.000000000 0.06 0.000000000 2.97 0.000000000 0.17 0.000000000 0.58 0.000000000 0.54 0.000000000 0.69 0.000000000 0.33 0.000000000 0.83 0.000000000
87.000000 88.000000 1.11 0.000000000 0.10 0.000000000 0.13 0.000000000 0.03 0.000000000 0.98 0.000000000 0.07 0.000000000 0.22 0.000000000 0.16 0.000000000 0.26 0.000000000 0.21 0.000000000 0.13 0.000000000
