ebas_test_data/ES0019U.20171202000000.20180906000000.high_vol_sampler.ocec.pm1.3mo.4d.ES05L_HVS_DIGITEL_BCN_pm1.ES05L_OCEC_Sunset_IDAEA.lev2.nas
117 1001 
Alastuey, Andres; Perez, Noemi
ES05L, Institute of Environmental Assessment and Water Research, IDAEA-CSIC, Environmental Geochemistry and Atmospheric Research, Jordi Girona 18,, 08034, Barcelona, Spain
Perez, Noemi
EMEP ACTRIS COLOSSAL CAMPAIGN
1 1
2017 12 02 2018 09 06
0
days from file reference point
23
1 1 1 1 1 1 1 1 1 1 1 1 1 1 1 1 1 1 1 1 1 1 1
9999.999999 99.999 9.999999999 99.999 9.999999999 99.999 9.999999999 99.999 9.999999999 99.999 9.999999999 99.999 9.999999999 99.999 9.999999999 99.999 9.999999999 99.999 9.999999999 99.999 9.999999999 99.999 9.999999999
end_time of measurement, days from the file reference point
total_carbon, ug C/m3, QA1 bias=-4.0%, QA1 variability=2.6%, Detection limit=0.04 ug C/m3
numflag total_carbon, no unit
total_carbon, ug C/m3, Statistics=uncertainty
numflag total_carbon, no unit, Statistics=uncertainty
elemental_carbon, ug C/m3, QA1 bias=15.1%, QA1 variability=10.8%, Detection limit=0.04 ug C/m3
numflag elemental_carbon, no unit
elemental_carbon, ug C/m3, Statistics=uncertainty
numflag elemental_carbon, no unit, Statistics=uncertainty
organic_carbon, ug C/m3, QA1 bias=-6.1%, QA1 variability=6.2%, Detection limit=0.04 ug C/m3
numflag organic_carbon, no unit
organic_carbon, ug C/m3, Statistics=uncertainty
numflag organic_carbon, no unit, Statistics=uncertainty
organic_carbon, ug C/m3, Fraction=OC1
numflag organic_carbon, no unit, Fraction=OC1
organic_carbon, ug C/m3, Fraction=OC2
numflag organic_carbon, no unit, Fraction=OC2
organic_carbon, ug C/m3, Fraction=OC3
numflag organic_carbon, no unit, Fraction=OC3
organic_carbon, ug C/m3, Fraction=OC4
numflag organic_carbon, no unit, Fraction=OC4
organic_carbon, ug C/m3, Fraction=OCPyr
numflag organic_carbon, no unit, Fraction=OCPyr
0
80
Data definition:                         EBAS_1.1
Set type code:                           TI
Timezone:                                UTC
File name:                               ES0019U.20171202000000.20180906000000.high_vol_sampler.ocec.pm1.3mo.4d.ES05L_HVS_DIGITEL_BCN_pm1.ES05L_OCEC_Sunset_IDAEA.lev2.nas
Startdate:                               20171202000000
Revision date:                           20180906000000
Version:                                 1
Version description:                     initial version
Data level:                              2
Period code:                             3mo
Resolution code:                         4d
Sample duration:                         1d
Orig. time res.:                         4d
Station code:                            ES0019U
Platform code:                           ES0019S
Station name:                            Barcelona
Station WDCA-ID:                         BCN
Station GAW-Name:                        
Station GAW-ID:                          
Station AIRS-ID:                          
Station other IDs:                        
Station state/province:                   
Station land use:                        Urban
Station setting:                         Urban
Station GAW type:                        
Station WMO region:                      
Station latitude:                        41.387567
Station longitude:                       2.114715
Station altitude:                        130m
Measurement latitude:                    41.387567
Measurement longitude:                   2.114715
Measurement altitude:                    130m
Measurement height:                      4m 
Component:                               ocec
Unit:                                    ug C/m3
Matrix:                                  pm1
Laboratory code:                         ES05L
Instrument type:                         high_vol_sampler
Instrument manufacturer:                 DIGITEL
Instrument model:                        DHA-80
Instrument name:                         HVS_DIGITEL_BCN_pm1
Instrument serial number:                
Analytical laboratory code:              ES05L
Analytical measurement technique:        thermal-optical_analysis
Analytical instrument manufacturer:      Sunset Laboratory
Analytical instrument model:             Carbon Aerosol Analyzer
Analytical instrument name:              OCEC_Sunset_IDAEA
Analytical instrument serial number:     
Charring correction:                     By laser transmission
Standard method:                         SOP=EMEP_manual_v2014, TEMP=EUSAAR_2
Inlet type:                              Impactor--direct
Inlet description:                       Upward facing with rain shield
Flow rate:                               30 m3/hour
Filter face velocity:                    54.1 cm/s 
Exposed filter area:                     154 cm2 
Humidity/temperature control:            Temperature controlled
Humidity/temperature control description:air conditioning,air conditioning, filters kept inside conditioned room
Volume std. temperature:                 ambient
Volume std. pressure:                    ambient
Medium:                                  Quartz
Filter description:                      Pall Tissuquartz 2500QAT-UP
Filter prefiring:                        473.15K, 4h
Filter conditioning:                     293.15K, 50%RH, 48h
Sample preparation:                      None
Blank correction:                        Blank corrected
Artifact correction:                     None
Artifact correction description:          
Detection limit expl.:                   LOD provided by the instrumental manufacturer was used
Measurement uncertainty expl.:           Measurement uncertainty includes quantifiable uncertainty
Zero/negative values code:               Zero/negative possible 
Zero/negative values:                    Zero/negative values reported as measured if within detection limit, flagged with 780
QA1 measure ID:                          ECAC-OCEC-2018-1
QA1 date:                                20180301
QA1 document URL:                        "http://www.actris-ecac.eu/files/ECAC-report-OCEC-2018-1.pdf"
Originator:                              Alastuey, Andres, andres.alastuey@idaea.csic.es, Institute of Environmental Assessment and Water Research, IDAEA-CSIC, Environmental Geochemistry and Atmospheric Research, Jordi Girona 18,, 08034, Barcelona, Spain
Originator:                              Perez, Noemi, noemi.perez@idaea.csic.es, Institute of Environmental Assessment and Water Research, IDAEA-CSIC, Environmental Geochemistry and Atmospheric Research, Jordi Girona 18,, 08034, Barcelona, Spain
Submitter:                               Perez, Noemi, noemi.perez@idaea.csic.es, Institute of Environmental Assessment and Water Research, IDAEA-CSIC, Environmental Geochemistry and Atmospheric Research, Jordi Girona 18,, 08034, Barcelona, Spain
Acknowledgement:                         Request acknowledgement details from data originator 
Comment:                                  
start_time	end_time	TC	TC_flag	TC_uncert	TC_uncert_flag	EC	EC_flag	EC_uncert	EC_uncert_flag	OC	OC_flag	OC_uncert	OC_uncert_flag	OC_peak1	OC_peak1_flag	OC_peak2	OC_peak2_flag	OC_peak3	OC_peak3_flag	OC_peak4	OC_peak4_flag	OC_Pyr	OC_Pyr_flag
0.000000	1.000000	1.217	0.000000000	0.243	0.000000000	0.140	0.000000000	0.148	0.000000000	1.077	0.000000000	0.255	0.000000000	0.263	0.000000000	0.105	0.000000000	0.146	0.000000000	0.155	0.000000000	0.363	0.000000000
4.000000	5.000000	5.979	0.470000000	0.439	0.000000000	1.726	0.470000000	0.189	0.000000000	4.253	0.470000000	0.356	0.000000000	0.810	0.000000000	0.658	0.000000000	0.820	0.000000000	0.413	0.000000000	1.508	0.000000000
16.000000	17.000000	2.380	0.000000000	0.281	0.000000000	0.570	0.000000000	0.156	0.000000000	1.811	0.000000000	0.271	0.000000000	0.390	0.000000000	0.250	0.000000000	0.287	0.000000000	0.241	0.000000000	0.598	0.000000000
20.000000	21.000000	3.241	0.470000000	0.315	0.000000000	0.945	0.470000000	0.165	0.000000000	2.297	0.470000000	0.285	0.000000000	0.509	0.000000000	0.337	0.000000000	0.419	0.000000000	0.251	0.000000000	0.737	0.000000000
24.000000	25.000000	1.591	0.000000000	0.254	0.000000000	0.143	0.000000000	0.148	0.000000000	1.447	0.000000000	0.263	0.000000000	0.344	0.000000000	0.170	0.000000000	0.149	0.000000000	0.172	0.000000000	0.569	0.000000000
28.000000	29.000000	1.835	0.000000000	0.262	0.000000000	0.312	0.000000000	0.151	0.000000000	1.523	0.000000000	0.264	0.000000000	0.362	0.000000000	0.218	0.000000000	0.269	0.000000000	0.181	0.000000000	0.449	0.000000000
32.000000	33.000000	1.131	0.000000000	0.241	0.000000000	0.088	0.000000000	0.147	0.000000000	1.044	0.000000000	0.254	0.000000000	0.330	0.000000000	0.129	0.000000000	0.152	0.000000000	0.138	0.000000000	0.250	0.000000000
36.000000	37.000000	1.705	0.000000000	0.258	0.000000000	0.423	0.000000000	0.153	0.000000000	1.283	0.000000000	0.259	0.000000000	0.284	0.000000000	0.192	0.000000000	0.202	0.000000000	0.191	0.000000000	0.369	0.000000000
40.000000	41.000000	1.603	0.000000000	0.257	0.000000000	0.282	0.000000000	0.152	0.000000000	1.321	0.000000000	0.262	0.000000000	0.363	0.000000000	0.162	0.000000000	0.213	0.000000000	0.208	0.000000000	0.329	0.000000000
44.000000	45.000000	2.123	0.000000000	0.274	0.000000000	0.479	0.000000000	0.155	0.000000000	1.644	0.000000000	0.270	0.000000000	0.378	0.000000000	0.193	0.000000000	0.212	0.000000000	0.210	0.000000000	0.606	0.000000000
48.000000	49.000000	3.851	0.470000000	0.343	0.000000000	1.077	0.470000000	0.170	0.000000000	2.774	0.470000000	0.303	0.000000000	0.531	0.000000000	0.417	0.000000000	0.504	0.000000000	0.336	0.000000000	0.942	0.000000000
52.000000	53.000000	3.599	0.000000000	0.331	0.000000000	1.127	0.000000000	0.171	0.000000000	2.473	0.000000000	0.292	0.000000000	0.594	0.000000000	0.405	0.000000000	0.434	0.000000000	0.295	0.000000000	0.700	0.000000000
56.000000	57.000000	1.705	0.000000000	0.260	0.000000000	0.264	0.000000000	0.152	0.000000000	1.441	0.000000000	0.266	0.000000000	0.383	0.000000000	0.185	0.000000000	0.229	0.000000000	0.194	0.000000000	0.405	0.000000000
72.000000	73.000000	2.084	0.000000000	0.273	0.000000000	0.636	0.000000000	0.159	0.000000000	1.448	0.000000000	0.266	0.000000000	0.361	0.000000000	0.204	0.000000000	0.271	0.000000000	0.223	0.000000000	0.344	0.000000000
76.000000	77.000000	5.484	0.470000000	0.417	0.000000000	2.275	0.470000000	0.212	0.000000000	3.208	0.470000000	0.317	0.000000000	0.758	0.000000000	0.545	0.000000000	0.627	0.000000000	0.352	0.000000000	0.881	0.000000000
80.000000	81.000000	3.047	0.000000000	0.308	0.000000000	0.847	0.000000000	0.163	0.000000000	2.200	0.000000000	0.283	0.000000000	0.527	0.000000000	0.322	0.000000000	0.294	0.000000000	0.269	0.000000000	0.743	0.000000000
84.000000	85.000000	3.445	0.000000000	0.324	0.000000000	0.808	0.000000000	0.162	0.000000000	2.637	0.000000000	0.297	0.000000000	0.506	0.000000000	0.306	0.000000000	0.348	0.000000000	0.283	0.000000000	1.149	0.000000000
88.000000	89.000000	3.726	0.000000000	0.337	0.000000000	1.252	0.000000000	0.175	0.000000000	2.474	0.000000000	0.293	0.000000000	0.542	0.000000000	0.353	0.000000000	0.436	0.000000000	0.313	0.000000000	0.785	0.000000000
