ebas_test_data/ES0020U.20171202070000.20181126132000.hvs.organic_carbon.pm10.3mo.4d.ES08L_HVS_MCV_UGR_pm10.ES05L_OCEC_Sunset_IDAEA.lev2.nas
107 1001
Alados-Arboledas, Lucas; Titos, Gloria
ES08L, University of Granada, , Atmospheric Physics Group - Andalusian Center for Environmental Studies - Dept. Applied Physics, Avda. del Mediterráneo s/n, , 18006, Granada, Spain
Alados-Arboledas, Lucas; Titos, Gloria				
EMEP GAW-WDCA NOAA-ESRL ACTRIS COLOSSAL CAMPAIGN
1 1	
2017 12 02 2018 11 26
0
Days from the file reference point (start_time)		
25
1 1 1 1 1 1 1 1 1 1 1 1 1 1 1 1 1 1 1 1 1 1 1 1 1
999.999999 9999 9999 99.999 9.999999999 99.999 9.999999999 99.999 9.999999999 99.999 9.999999999 99.999 9.999999999 99.999 9.999999999 99.999 9.999999999 99.999 9.999999999 99.999 9.999999999 99.999 9.999999999 99.999 9.999999999 						
end_time of measurement, days from the file reference point
start_time of measurement, year
end_time of measurement, year
elemental_carbon, ug C/m3
numflag elemental_carbon, no unit			
elemental_carbon, ug C/m3, Statistics=uncertainty					
numflag elemental_carbon, no unit, Statistics=uncertainty
organic_carbon, ug C/m3
numflag organic_carbon, no unit
organic_carbon, ug C/m3, Statistics=uncertainty		
numflag organic_carbon, no unit, Statistics=uncertainty						
organic_carbon, ug C/m3, Fraction=OC1
numflag organic_carbon, no unit, Fraction=OC1
organic_carbon, ug C/m3, Fraction=OC2					
numflag organic_carbon, no unit, Fraction=OC2								
organic_carbon, ug C/m3, Fraction=OC3												
numflag organic_carbon, no unit, Fraction=OC3															
organic_carbon, ug C/m3, Fraction=OC4
numflag organic_carbon, no unit, Fraction=OC4				
organic_carbon, ug C/m3, Fraction=Ocpyr								
numflag organic_carbon, no unit, Fraction=Ocpyr												
total_carbon, ug C/m3
numflag total_carbon, no unit
total_carbon, ug C/m3, Statistics=uncertainty
numflag total_carbon, no unit, Statistics=uncertainty
0																									
68																									
Data definition:              EBAS_1.1
Set type code:                TI
Station code:                 ES0020U
Platform code:                ES0020S
Timezone:                     UTC
File name:                    ES0020U.20171202070000.20181126093000.high_vol_sampler.organic_carbon.pm10.90d.4d.ES08L_HVS_MCV_UGR_pm10.ES05L_OCEC_Sunset_IDAEA.lev2
Startdate:                    20171202070000
Revision date:                20181126132000		
Version:                     1
Statistics:                   arithmetic mean							
Data level:                   2				
Period code:                  3mo			
Resolution code:              4d							
Sample duration:              1d											
Orig. time res.:              4d										
Station WDCA-ID:              GAWAES__UGR			
Station GAW-ID:               UGR								
Measurement latitude:         37.16400					
Measurement longitude:        -3.60500	
Measurement altitude:         680m
Measurement height:	       10m							
Station land use:             Residential			
Station setting:              Suburban		
Station GAW type:             C							
Station WMO region:           6											
Component:                    organic_carbon
Unit:                         ug C/m3						
Matrix:                       pm10										
Instrument type:              high_vol_sampler
Laboratory code:              ES08L						
Instrument name:              HVS_MCV_UGR_pm10								
Instrument manufacturer:      MCV														
Instrument model:             CAV-A/MSb
Analytical laboratory code:   ES05L
Analytical measurement technique: thermal-optical_analysis
Analytical instrument manufacturer: Sunset Laboratory
Analytical instrument model:  Carbon Aerosol Analyzer
Analytical instrument name:   OCEC_Sunset_IDAEA
Analytical instrument serial number:  		
Method ref:                   ES05L_OCEC_Sunset_IDAEA		
Standard method:              SOP=EMEP_manual_v2014, TEMP=EUSAAR_2								
Inlet type:                   Impactor--direct
Inlet description:            Upward facing with rain shield	
Flow rate:                    30 m3/hour
Filter face velocity:         73.7 cm/s 
Exposed filter area:          113 cm2 
Humidity/temperature control: None	
Medium:                       Quartz	
Filter description:           Pall Tissuquartz 2500QAT-UP
Filter prefiring:             473.15K, 4h
Filter conditioning:          293.15K, 50%RH, 48h
Artifact correction:		None
Artifact correction description:
Charring correction:		By laser transmission
Sample preparation:           None		
Blank correction:             Blank corrected				
Volume std. temperature:      ambient
Volume std. pressure:         ambient	
Detection limit:			
Detection limit expl.:        LOD provided by the instrumental manufacturer was used	
Measurement uncertainty expl.: Measurement uncertainty includes quantifiable uncertainty											
Zero/negative values code:    Zero/negative possible
Zero/negative values:         Zero/negative values reported as measured if within detection limit, flagged with 780				
Originator:                   Alados-Arboledas, Lucas, , , , , , , , , 
Originator:                   Titos,Gloria, , , , , , , , , 	
Submitter:                    Titos, Gloria, , , , , , , , , 											
Acknowledgement:              Request acknowledgement details from data originator	
starttime	endtime	st_y	ed_y	EC	EC_flag	EC_unc	EC_unc_flag	OC	OC_flag	OC_unc	OC_unc_flag	OC_peak1	OC_peak1_flag	OC_peak2	OC_peak2_flag	OC_peak3	OC_peak3_flag	OC_peak4	OC_peak4_flag	OC_pyr	OC_pyr_flag	TC	TC_flag	TC_unc	TC_unc_flag
0.291667	1.291667	2017	2017	0.489	0.000000000	0.041	0.000000000	1.305	0.000000000	0.160	0.000000000	0.249	0.000000000	0.232	0.000000000	0.223	0.000000000	0.221	0.000000000	0.380	0.000000000	1.794	0.000000000	0.154	0.000000000
4.291667	5.291667	2017	2017	2.252	0.000000000	0.148	0.000000000	7.364	0.000000000	0.613	0.000000000	1.181	0.000000000	1.148	0.000000000	1.536	0.000000000	0.753	0.000000000	2.745	0.000000000	9.617	0.000000000	0.781	0.000000000
5.291667	6.291667	2017	2017	3.414	0.000000000	0.224	0.000000000	9.708	0.000000000	0.799	0.000000000	1.587	0.000000000	1.421	0.000000000	1.784	0.000000000	1.034	0.000000000	3.881	0.000000000	13.121	0.000000000	1.064	0.000000000
12.291667	13.291667	2017	2017	2.984	0.000000000	0.200	0.000000000	6.227	0.000000000	0.526	0.000000000	0.938	0.000000000	0.871	0.000000000	1.313	0.000000000	0.678	0.000000000	2.426	0.000000000	9.211	0.000000000	0.748	0.000000000
16.291667	17.291667	2017	2017	3.314	0.000000000	0.221	0.000000000	7.112	0.000000000	0.595	0.000000000	1.184	0.000000000	1.061	0.000000000	1.497	0.000000000	0.791	0.000000000	2.578	0.000000000	10.426	0.000000000	0.846	0.000000000
20.291667	21.291667	2017	2017	2.935	0.000000000	0.193	0.000000000	8.416	0.000000000	0.698	0.000000000	1.357	0.000000000	1.095	0.000000000	1.720	0.000000000	0.763	0.000000000	3.480	0.000000000	11.351	0.000000000	0.921	0.000000000
24.291667	25.291667	2017	2017	0.782	0.000000000	0.058	0.000000000	2.196	0.000000000	0.230	0.000000000	0.210	0.000000000	0.331	0.000000000	0.429	0.000000000	0.274	0.000000000	0.952	0.000000000	2.978	0.000000000	0.248	0.000000000
28.291667	29.291667	2017	2017	3.145	0.000000000	0.206	0.000000000	10.216	0.000000000	0.841	0.000000000	1.684	0.000000000	1.563	0.000000000	2.261	0.000000000	0.824	0.000000000	3.883	0.000000000	13.361	0.000000000	1.084	0.000000000
32.291667	33.291667	2018	2018	3.818	0.000000000	0.253	0.000000000	8.747	0.000000000	0.724	0.000000000	1.420	0.000000000	1.274	0.000000000	1.773	0.000000000	0.772	0.000000000	3.509	0.000000000	12.565	0.000000000	1.019	0.000000000
36.291667	37.291667	2018	2018	0.657	0.000000000	0.046	0.000000000	3.348	0.000000000	0.309	0.000000000	0.482	0.000000000	0.484	0.000000000	0.641	0.000000000	0.336	0.000000000	1.404	0.000000000	4.005	0.000000000	0.329	0.000000000
40.291667	41.291667	2018	2018	1.008	0.000000000	0.072	0.000000000	2.633	0.000000000	0.254	0.000000000	0.412	0.000000000	0.475	0.000000000	0.547	0.000000000	0.353	0.000000000	0.846	0.000000000	3.640	0.000000000	0.300	0.000000000
45.291667	46.291667	2018	2018	3.386	0.000000000	0.223	0.000000000	8.537	0.000000000	0.707	0.000000000	1.439	0.000000000	1.292	0.000000000	1.711	0.000000000	0.910	0.000000000	3.186	0.000000000	11.923	0.000000000	0.967	0.000000000
48.291667	49.291667	2018	2018	3.384	0.000000000	0.222	0.000000000	8.967	0.000000000	0.741	0.000000000	1.596	0.000000000	1.262	0.000000000	1.837	0.000000000	0.922	0.000000000	3.350	0.000000000	12.351	0.000000000	1.002	0.000000000
52.291667	53.291667	2018	2018	4.281	0.000000000	0.288	0.000000000	6.731	0.000000000	0.564	0.000000000	1.073	0.000000000	1.138	0.000000000	1.540	0.000000000	0.996	0.000000000	1.984	0.000000000	11.012	0.000000000	0.894	0.000000000
56.291667	57.291667	2018	2018	0.289	0.000000000	0.027	0.000000000	1.078	0.000000000	0.150	0.000000000	0.142	0.000000000	0.180	0.000000000	0.222	0.000000000	0.299	0.000000000	0.234	0.000000000	1.366	0.000000000	0.122	0.000000000
60.291667	61.291667	2018	2018	3.673	0.000000000	0.244	0.000000000	7.319	0.000000000	0.610	0.000000000	1.172	0.000000000	1.230	0.000000000	1.554	0.000000000	0.988	0.000000000	2.375	0.000000000	10.992	0.000000000	0.892	0.000000000
64.291667	65.291667	2018	2018	0.977	0.000000000	0.065	0.000000000	4.734	0.000000000	0.409	0.000000000	0.813	0.000000000	0.749	0.000000000	0.997	0.000000000	0.437	0.000000000	1.738	0.000000000	5.711	0.000000000	0.466	0.000000000
68.291667	69.291667	2018	2018	1.922	0.000000000	0.128	0.000000000	5.232	0.000000000	0.447	0.000000000	0.927	0.000000000	0.772	0.000000000	1.020	0.000000000	0.596	0.000000000	1.916	0.000000000	7.154	0.000000000	0.582	0.000000000
72.291667	73.291667	2018	2018	1.522	0.000000000	0.105	0.000000000	3.310	0.000000000	0.302	0.000000000	0.498	0.000000000	0.513	0.000000000	0.724	0.000000000	0.462	0.000000000	1.113	0.000000000	4.832	0.000000000	0.396	0.000000000
77.291667	78.291667	2018	2018	1.567	0.000000000	0.103	0.000000000	7.271	0.000000000	0.606	0.000000000	1.193	0.000000000	1.027	0.000000000	1.647	0.000000000	0.750	0.000000000	2.654	0.000000000	8.839	0.000000000	0.718	0.000000000
80.291667	81.291667	2018	2018	1.408	0.000000000	0.097	0.000000000	3.441	0.000000000	0.312	0.000000000	0.487	0.000000000	0.521	0.000000000	0.728	0.000000000	0.565	0.000000000	1.140	0.000000000	4.849	0.000000000	0.397	0.000000000
84.291667	85.291667	2018	2018	1.012	0.000000000	0.067	0.000000000	5.361	0.000000000	0.457	0.000000000	0.774	0.000000000	0.641	0.000000000	0.996	0.000000000	0.519	0.000000000	2.430	0.000000000	6.373	0.000000000	0.519	0.000000000
94.291667	95.291667	2018	2018	0.521	0.000000000	0.047	0.000000000	0.983	0.000000000	0.144	0.000000000	0.085	0.000000000	0.155	0.000000000	0.200	0.000000000	0.229	0.000000000	0.314	0.000000000	1.504	0.000000000	0.132	0.000000000
