ebas_test_data/ES1778R.20180111000000.20200522000000.hvs.ocec.pm25.61d.4d.ES05L_HVS_MCV_MSY_pm25.ES05L_OCEC_Sunset_IDAEA.lev2.nas
110 1001
Alastuey, Andres; Perez, Noemi
ES05L, Institute of Environmental Assessment and Water Research, IDAEA-CSIC, , Jordi Girona 18-26, , 08034, Barcelona, Spain
Perez, Noemi
ACTRIS EMEP GAW-WDCA
1 1
2018 01 01 2020 05 22
4
days from file reference point
23
1 1 1 1 1 1 1 1 1 1 1 1 1 1 1 1 1 1 1 1 1 1 1
99 9.999 9.999 9.999 9.999 99.999 9.999 9.999 9.999 9.999 9.999 9.999 9.999 9.999 9.999 9.999 9.999 99.999 9.999 99.999 9.999 9.999 9.999
end_time of measurement, days from the file reference point
elemental_carbon, ug C/m3, Detection limit=0.04 ug C/m3, QA1 bias=-10.44 %, QA1 variability=18.47 %
numflag elemental_carbon, no unit, Detection limit=0.04 ug C/m3, QA1 bias=-10.44 %, QA1 variability=18.47 %
elemental_carbon, ug C/m3, Statistics=uncertainty
numflag elemental_carbon, no unit, Statistics=uncertainty
organic_carbon, ug C/m3, Detection limit=0.04 ug C/m3, QA1 bias=-3.38 %, QA1 variability=5.0 %
numflag organic_carbon, no unit, Detection limit=0.04 ug C/m3, QA1 bias=-3.38 %, QA1 variability=5.0 %
organic_carbon, ug C/m3, Statistics=uncertainty
numflag organic_carbon, no unit, Statistics=uncertainty
organic_carbon, ug C/m3, Fraction=OC1
numflag organic_carbon, no unit, Fraction=OC1
organic_carbon, ug C/m3, Fraction=OC2
numflag organic_carbon, no unit, Fraction=OC2
organic_carbon, ug C/m3, Fraction=OC3
numflag organic_carbon, no unit, Fraction=OC3
organic_carbon, ug C/m3, Fraction=OC4
numflag organic_carbon, no unit, Fraction=OC4
organic_carbon, ug C/m3, Fraction=OCPyr
numflag organic_carbon, no unit, Fraction=OCPyr
total_carbon, ug C/m3, Detection limit=0.04 ug C/m3, QA1 bias=-4.53 %, QA1 variability=5.82 %
numflag total_carbon, no unit, Detection limit=0.04 ug C/m3, QA1 bias=-4.53 %, QA1 variability=5.82 %
total_carbon, ug C/m3, Statistics=uncertainty
numflag total_carbon, no unit, Statistics=uncertainty
0
73
Data definition:              EBAS_1.1
Set type code:                TU
Timezone:                     UTC
File name:                    ES1778R.20180111000000.20200522000000.high_vol_sampler.organic_carbon.pm25.61d.4d.ES05L_HVS_MCV_MSY_pm25.ES05L_OCEC_Sunset_IDAEA.lev2.nas
File creation:                20220221215515668748
Export state:                 20220221215504800000
Export filter:                exclude-900,exclude-invalid
Startdate:                    20180111000000
Revision date:                20200522000000
Version:                      1
Version description:          initial version
Statistics:                   arithmetic mean
Data level:                   2
Period code:                  61d
Resolution code:              4d
Sample duration:              1d
Orig. time res.:              4d
Station code:                 ES1778R
Platform code:                ES1778S
Station name:                 Montseny
Station latitude:             41.766667
Station longitude:            2.35
Station altitude:             700.0 m
Measurement latitude:         41.779503
Measurement longitude:        2.357893
Measurement altitude:         724.0 m
Measurement height:           4.0 m
Regime:                       IMG
Component:                    organic_carbon
Unit:                         ug C/m3
Matrix:                       pm25
Laboratory code:              ES05L
Instrument type:              high_vol_sampler
Instrument name:              HVS_MCV_MSY_pm25
Instrument manufacturer:      MCV
Instrument model:             CAV-A/MSb
Analytical laboratory code:   ES05L
Analytical measurement technique: thermal-optical_analysis
Analytical instrument name:   OCEC_Sunset_IDAEA
Analytical instrument manufacturer: Sunset Laboratory
Analytical instrument model:  Carbon Aerosol Analyzer
Method ref:                   ES05L_OCEC_Sunset_IDAEA
Standard method:              SOP=EMEP_manual_v2014, TEMP=EUSAAR_2
Inlet type:                   Impactor--direct
Inlet description:            Upward facing with rain shield
Flow rate:                    500.0 l/min
Filter face velocity:         56.7 cm/s
Exposed filter area:          147.0 cm2
Filter description:           Pall Tissuquartz 2500QAT-UP
Medium:                       Quartz
Filter prefiring:             473.15 K, 4.0 h
Filter conditioning:          293.15 K, 50.0 %RH, 48.0 h
Sample preparation:           None
Blank correction:             Blank corrected
Artifact correction:          None
Charring correction:          By laser transmission
Humidity/temperature control: Temperature controlled
Humidity/temperature control description: air conditioning, filters kept inside conditioned room
Volume std. temperature:      ambient
Volume std. pressure:         ambient
Detection limit expl.:        LOD provided by the instrumental manufacturer was used
Measurement uncertainty expl.: Measurement uncertainty includes quantifiable uncertainty
Zero/negative values code:    Zero/negative possible
Zero/negative values:         Zero/negative values reported as measured if within detection limit, flagged with 780
QA1 measure ID:               ECAC-OCEC-2018-1
QA1 date:                     20180301
QA1 document name:            "Results of the inter-laboratory comparison exercise for TC and EC measurements (ref.: OCEC-2018-1)"
QA1 document URL:             "http://www.actris-ecac.eu/files/ECAC-report-OCEC-2018-1.pdf"
Originator:                   Alastuey, Andres, , , , , , , , , 
Originator:                   Perez, Noemi, , , , , , , , , 
Submitter:                    Perez, Noemi, , , , , , , , , 
Acknowledgement:              Request acknowledgement details from data originator
starttime endtime EC flag_EC EC flag_EC OC flag_OC OC flag_OC OC flag_OC OC flag_OC OC flag_OC OC flag_OC OC flag_OC TC flag_TC TC flag_TC
10 11 0.210 0.470 0.014 0.000  0.655 0.000 0.075 0.000 0.072 0.000 0.110 0.000 0.150 0.000 0.161 0.000  0.163 0.000  0.865 0.000 0.095 0.000
14 15 0.141 0.000 0.009 0.000  0.695 0.470 0.078 0.000 0.056 0.000 0.109 0.000 0.114 0.000 0.153 0.000  0.264 0.000  0.837 0.470 0.093 0.000
18 19 0.214 0.000 0.014 0.000  1.045 0.470 0.103 0.000 0.064 0.000 0.153 0.000 0.266 0.000 0.228 0.000  0.335 0.000  1.260 0.000 0.123 0.000
22 23 0.375 0.470 0.024 0.000  1.484 0.470 0.135 0.000 0.165 0.000 0.218 0.000 0.334 0.000 0.247 0.000  0.519 0.000  1.859 0.000 0.167 0.000
26 27 0.116 0.000 0.008 0.000  0.295 0.000 0.047 0.000 0.019 0.000 0.051 0.000 0.080 0.000 0.108 0.000  0.037 0.000  0.411 0.470 0.062 0.000
30 31 0.193 0.000 0.012 0.000  1.024 0.470 0.101 0.000 0.088 0.000 0.155 0.000 0.213 0.000 0.221 0.000  0.346 0.000  1.218 0.000 0.120 0.000
34 35 0.105 0.470 0.008 0.000  0.173 0.000 0.034 0.000 -0.012 0.211 0.028 0.000 0.050 0.000 0.082 0.000  0.025 0.000  0.278 0.470 0.050 0.000
38 39 0.214 0.000 0.014 0.000  1.066 0.470 0.104 0.000 0.092 0.000 0.165 0.000 0.192 0.000 0.219 0.000  0.398 0.000  1.280 0.000 0.125 0.000
42 43 0.167 0.470 0.011 0.000  0.656 0.000 0.075 0.000 0.057 0.000 0.125 0.000 0.130 0.000 0.161 0.000  0.183 0.000  0.824 0.470 0.092 0.000
46 47 0.174 0.000 0.011 0.000  1.233 0.470 0.116 0.000 0.114 0.000 0.203 0.000 0.254 0.000 0.236 0.000  0.426 0.000  1.406 0.000 0.134 0.000
50 51 0.313 0.000 0.020 0.000  1.968 0.470 0.171 0.000 0.206 0.000 0.290 0.000 0.380 0.000 0.310 0.000  0.783 0.000  2.281 0.000 0.198 0.000
54 55 0.295 0.000 0.019 0.000  2.709 0.470 0.228 0.000 0.332 0.000 0.382 0.000 0.363 0.000 0.263 0.000  1.368 0.000  3.004 0.000 0.253 0.000
58 59 0.159 0.000 0.010 0.000  0.737 0.000 0.081 0.000 0.083 0.000 0.121 0.000 0.116 0.000 0.155 0.000  0.262 0.000  0.896 0.470 0.097 0.000
62 63 0.131 0.470 0.009 0.000  0.580 0.470 0.070 0.000 0.068 0.000 0.106 0.000 0.164 0.000 0.143 0.000  0.100 0.000  0.711 0.000 0.085 0.000
66 67 0.198 0.000 0.013 0.000  0.888 0.000 0.092 0.000 0.123 0.000 0.146 0.000 0.172 0.000 0.159 0.000  0.288 0.000  1.086 0.470 0.111 0.000
70 71 0.117 0.000 0.008 0.000  0.590 0.470 0.071 0.000 0.094 0.000 0.111 0.000 0.154 0.000 0.132 0.000  0.098 0.000  0.707 0.470 0.084 0.000
