ebas_test_data/ES1778R.20171116000000.20181015000000.hvs.ocec.pm25.45d.4d.ES05L_HVS_MCV_MSY_pm25.ES05L_OCEC_Sunset_IDAEA.lev2.nas
110 1001
Alastuey, Andres; Perez, Noemi
ES05L, Institute of Environmental Assessment and Water Research, IDAEA-CSIC, , Jordi Girona 18-26, , 08034, Barcelona, Spain
Perez, Noemi
ACTRIS EMEP GAW-WDCA
1 1
2017 01 01 2018 10 15
4
days from file reference point
23
1 1 1 1 1 1 1 1 1 1 1 1 1 1 1 1 1 1 1 1 1 1 1
999 9.999 9.999 9.999 9.999 99.999 9.999 9.999 9.999 9.999 9.999 9.999 9.999 9.999 9.999 9.999 9.999 9.999 9.999 99.999 9.999 9.999 9.999
end_time of measurement, days from the file reference point
elemental_carbon, ug C/m3, Detection limit=0.04 ug C/m3, QA1 bias=-10.44 %, QA1 variability=18.47 %
numflag elemental_carbon, no unit, Detection limit=0.04 ug C/m3, QA1 bias=-10.44 %, QA1 variability=18.47 %
elemental_carbon, ug C/m3, Statistics=uncertainty
numflag elemental_carbon, no unit, Statistics=uncertainty
organic_carbon, ug C/m3, Detection limit=0.04 ug C/m3, QA1 bias=-3.38 %, QA1 variability=5.0 %
numflag organic_carbon, no unit, Detection limit=0.04 ug C/m3, QA1 bias=-3.38 %, QA1 variability=5.0 %
organic_carbon, ug C/m3, Statistics=uncertainty
numflag organic_carbon, no unit, Statistics=uncertainty
organic_carbon, ug C/m3, Fraction=OC1
numflag organic_carbon, no unit, Fraction=OC1
organic_carbon, ug C/m3, Fraction=OC2
numflag organic_carbon, no unit, Fraction=OC2
organic_carbon, ug C/m3, Fraction=OC3
numflag organic_carbon, no unit, Fraction=OC3
organic_carbon, ug C/m3, Fraction=OC4
numflag organic_carbon, no unit, Fraction=OC4
organic_carbon, ug C/m3, Fraction=OCPyr
numflag organic_carbon, no unit, Fraction=OCPyr
total_carbon, ug C/m3, Detection limit=0.04 ug C/m3, QA1 bias=-4.53 %, QA1 variability=5.82 %
numflag total_carbon, no unit, Detection limit=0.04 ug C/m3, QA1 bias=-4.53 %, QA1 variability=5.82 %
total_carbon, ug C/m3, Statistics=uncertainty
numflag total_carbon, no unit, Statistics=uncertainty
0
73
Data definition:              EBAS_1.1
Set type code:                TU
Timezone:                     UTC
File name:                    ES1778R.20171116000000.20181015000000.high_vol_sampler.organic_carbon.pm25.45d.4d.ES05L_HVS_MCV_MSY_pm25.ES05L_OCEC_Sunset_IDAEA.lev2.nas
File creation:                20220221215515590712
Export state:                 20220221215504800000
Export filter:                exclude-900,exclude-invalid
Startdate:                    20171116000000
Revision date:                20181015000000
Version:                      1
Version description:          initial version
Statistics:                   arithmetic mean
Data level:                   2
Period code:                  45d
Resolution code:              4d
Sample duration:              1d
Orig. time res.:              4d
Station code:                 ES1778R
Platform code:                ES1778S
Station name:                 Montseny
Station latitude:             41.766667
Station longitude:            2.35
Station altitude:             700.0 m
Measurement latitude:         41.779503
Measurement longitude:        2.357893
Measurement altitude:         724.0 m
Measurement height:           4.0 m
Regime:                       IMG
Component:                    organic_carbon
Unit:                         ug C/m3
Matrix:                       pm25
Laboratory code:              ES05L
Instrument type:              high_vol_sampler
Instrument name:              HVS_MCV_MSY_pm25
Instrument manufacturer:      MCV
Instrument model:             CAV-A/MSb
Analytical laboratory code:   ES05L
Analytical measurement technique: thermal-optical_analysis
Analytical instrument name:   OCEC_Sunset_IDAEA
Analytical instrument manufacturer: Sunset Laboratory
Analytical instrument model:  Carbon Aerosol Analyzer
Method ref:                   ES05L_OCEC_Sunset_IDAEA
Standard method:              SOP=EMEP_manual_v2014, TEMP=EUSAAR_2
Inlet type:                   Impactor--direct
Inlet description:            Upward facing with rain shield
Flow rate:                    500.0 l/min
Filter face velocity:         56.7 cm/s
Exposed filter area:          147.0 cm2
Filter description:           Pall Tissuquartz 2500QAT-UP
Medium:                       Quartz
Filter prefiring:             473.15 K, 4.0 h
Filter conditioning:          293.15 K, 50.0 %RH, 48.0 h
Sample preparation:           None
Blank correction:             Blank corrected
Artifact correction:          None
Charring correction:          By laser transmission
Humidity/temperature control: Temperature controlled
Humidity/temperature control description: air conditioning, filters kept inside conditioned room
Volume std. temperature:      ambient
Volume std. pressure:         ambient
Detection limit expl.:        LOD provided by the instrumental manufacturer was used
Measurement uncertainty expl.: Measurement uncertainty includes quantifiable uncertainty
Zero/negative values code:    Zero/negative possible
Zero/negative values:         Zero/negative values reported as measured if within detection limit, flagged with 780
QA1 measure ID:               ECAC-OCEC-2018-1
QA1 date:                     20180301
QA1 document name:            "Results of the inter-laboratory comparison exercise for TC and EC measurements (ref.: OCEC-2018-1)"
QA1 document URL:             "http://www.actris-ecac.eu/files/ECAC-report-OCEC-2018-1.pdf"
Originator:                   Alastuey, Andres, , , , , , , , , 
Originator:                   Perez, Noemi, , , , , , , , , 
Submitter:                    Perez, Noemi, , , , , , , , , 
Acknowledgement:              Request acknowledgement details from data originator
starttime endtime EC flag_EC EC flag_EC OC flag_OC OC flag_OC OC flag_OC OC flag_OC OC flag_OC OC flag_OC OC flag_OC TC flag_TC TC flag_TC
319 320 0.354 0.470 0.024 0.000  1.719 0.470 0.141 0.000 0.292 0.000 0.285 0.000 0.416 0.000 0.255 0.000 0.470 0.000  2.066 0.470 0.177 0.000
323 324 0.291 0.470 0.020 0.000  1.916 0.470 0.156 0.000 0.258 0.000 0.308 0.000 0.436 0.000 0.260 0.000 0.653 0.000  2.201 0.470 0.188 0.000
327 328 0.234 0.470 0.017 0.000  1.121 0.000 0.093 0.000 0.193 0.000 0.171 0.000 0.225 0.000 0.216 0.000 0.316 0.000  1.348 0.000 0.124 0.000
331 332 0.326 0.470 0.023 0.000  1.598 0.470 0.131 0.000 0.235 0.000 0.229 0.000 0.397 0.000 0.278 0.000 0.459 0.000  1.917 0.470 0.166 0.000
335 336 0.082 0.470 0.008 0.000  0.545 0.000 0.049 0.000 0.112 0.000 0.079 0.000 0.099 0.000 0.107 0.000 0.149 0.000  0.621 0.000 0.073 0.000
339 340 0.250 0.470 0.017 0.000  1.671 0.470 0.137 0.000 0.229 0.000 0.236 0.000 0.337 0.000 0.251 0.000 0.617 0.000  1.913 0.470 0.166 0.000
343 344 0.066 0.000 0.006 0.000  0.767 0.000 0.066 0.000 0.130 0.000 0.138 0.000 0.161 0.000 0.130 0.000 0.208 0.000  0.826 0.000 0.087 0.000
347 348 0.094 0.470 0.008 0.000  0.811 0.000 0.069 0.000 0.147 0.000 0.148 0.000 0.159 0.000 0.136 0.000 0.222 0.000  0.898 0.000 0.092 0.000
351 352 0.139 0.470 0.012 0.000  0.642 0.000 0.057 0.000 0.144 0.000 0.099 0.000 0.116 0.000 0.137 0.000 0.147 0.000  0.775 0.000 0.083 0.000
355 356 0.268 0.470 0.019 0.000  1.231 0.470 0.102 0.000 0.239 0.000 0.196 0.000 0.278 0.000 0.238 0.000 0.279 0.000  1.491 0.470 0.134 0.000
359 360 0.094 0.470 0.007 0.000  0.992 0.470 0.083 0.000 0.164 0.000 0.163 0.000 0.144 0.000 0.147 0.000 0.373 0.000  1.079 0.470 0.104 0.000
363 364 0.113 0.470 0.010 0.000  0.719 0.000 0.062 0.000 0.136 0.000 0.114 0.000 0.146 0.000 0.157 0.000 0.167 0.000  0.824 0.000 0.087 0.000
