ebas_test_data/FI0050R.20171218083000.20180612000000.lvs.ocec.pm10.30d.2d.FI03L_PALL_47mm_filter_holder_2220.FI01L_OCEC_Lab_Instrument.lev2.nas
122 1001 
Kulmala, Markku; Petaja, Tuukka; Virkkula, Aki; Luoma, Krista
FI03L, University of Helsinki, UHEL, Division of Atmospheric Sciences, PO BOX 64,, FI-00014, Helsinki, Finland
Luoma, Krista
EMEP CAMPAIGN ACTRIS COLOSSAL
1 1
2017 01 01 2018 06 12
0
days from file reference point
27
1 1 1 1 1 1 1 1 1 1 1 1 1 1 1 1 1 1 1 1 1 1 1 1 1 1 1
9999.999999 99.999 9.999 99.999 9.999 99.999 9.999 99.999 9.999 99.999 9.999 99.999 9.999 99.999 9.999 99.999 9.999 99.999 9.999 99.999 9.999 99.999 9.999 99.999 9.999 99.999 9.999
end_time of measurement, days from the file reference point
total_carbon, ug C/m3, QA1 bias=8%, QA1 variability=6%, Detection limit=0.063 ug C/m3
numflag total_carbon, no unit
total_carbon, ug C/m3, Statistics=uncertainty
numflag total_carbon, no unit, Statistics=uncertainty
elemental_carbon, ug C/m3, QA1 bias=10%, QA1 variability=7%, Detection limit=0.063 ug C/m3
numflag elemental_carbon, no unit
elemental_carbon, ug C/m3, Statistics=uncertainty
numflag elemental_carbon, no unit, Statistics=uncertainty
organic_carbon, ug C/m3, QA1 bias=8%, QA1 variability=6%, Detection limit=0.063 ug C/m3
numflag organic_carbon, no unit
organic_carbon, ug C/m3, Statistics=uncertainty
numflag organic_carbon, no unit, Statistics=uncertainty
organic_carbon, ug C/m3, Artifact=positive
numflag organic_carbon, no unit, Artifact=positive
organic_carbon, ug C/m3, Artifact=positive, Statistics=uncertainty
numflag organic_carbon, no unit, Artifact=positive, Statistics=uncertainty
organic_carbon, ug C/m3, Fraction=OC1
numflag organic_carbon, no unit, Fraction=OC1
organic_carbon, ug C/m3, Fraction=OC2
numflag organic_carbon, no unit, Fraction=OC2
organic_carbon, ug C/m3, Fraction=OC3
numflag organic_carbon, no unit, Fraction=OC3
organic_carbon, ug C/m3, Fraction=OC4
numflag organic_carbon, no unit, Fraction=OC4
organic_carbon, ug C/m3, Fraction=OCPyr
numflag organic_carbon, no unit, Fraction=OCPyr
0
81
Data definition:                         EBAS_1.1 
Set type code:                           TI 
Timezone:                                UTC 
File name:                               FI0050R.20171218083000.20180612000000.ocec.pm10.2d.39d.nas
Startdate:                               20171218083000
Revision date:                           20180612000000 
Version:                                 1 
Version description:                     initial revision, manually inspected 
Data level:                              2 
Period code:                             30d
Resolution code:                         2d
Sample duration:                         2d
Orig. time res.:                         2d 
Station code:                            FI0050R 
Platform code:                           FI0050S 
Station name:                            SMEARII 
Station WDCA-ID:                         
Station GAW-Name:                        Hyytiala
Station GAW-ID:                          SMR 
Station AIRS-ID:                          
Station other IDs:                        
Station state/province:                  Pirkanmaa 
Station land use:                        Forest 
Station setting:                         Rural 
Station GAW type:                        R 
Station WMO region:                      6 
Station latitude:                        61.61
Station longitude:                       24.17
Station altitude:                        181m 
Measurement latitude:                    61.61
Measurement longitude:                   24.17
Measurement altitude:                    181m 
Measurement height:                      4m
Component:                               ocec 
Unit:                                    ug C/m3 
Matrix:                                  pm10
Laboratory code:                         FI03L
Instrument type:                         low_vol_sampler
Instrument manufacturer:                 
Instrument model:                        
Instrument name:                         PALL_47mm_filter_holder_2220
Instrument serial number:                
Analytical laboratory code:              FI01L
Analytical measurement technique:        thermal-optical_analysis
Analytical instrument manufacturer:      Sunset Laboratory
Analytical instrument model:             OCEC Lab Instrument Model 5
Analytical instrument name:              OCEC_Lab_Instrument
Analytical instrument serial number:     377-161
Charring correction:                     By laser transmission 
Standard method:                         SOP=EMEP_manual_v2014, TEMP=EUSAAR_2
Inlet type:                              Impactor--direct
Inlet description:                       PM10 at ambient humidity inlet, Digitel
Flow rate:                               11 l/min
Filter face velocity:                    18 cm/s
Exposed filter area:                     10 cm2
Humidity/temperature control:            None
Humidity/temperature control description:filter kept at ambient conditions together with sampling head 
Volume std. temperature:                 ambient
Volume std. pressure:                    ambient
Medium:                                  Quartz
Filter description:                      PALL 2500 QAT-UP 47 mm
Filter prefiring:                        900K, 6h
Filter conditioning:                     None
Sample preparation:                      None
Blank correction:                        Not blank corrected
Artifact correction:                     Positive only
Artifact correction description:         QBQ approach
Detection limit expl.:                   LOD provided by the instrumental manufacturer was used
Measurement uncertainty expl.:           Measurement uncertainty includes quantifiable uncertainty
Zero/negative values code:               Zero/negative possible 
Zero/negative values:                    none
QA1 measure ID:                          ECAC-OCEC-2017-2
QA1 date:                                20171001
QA1 document URL:                        "http://www.actris-ecac.eu/files/OCEC-2017-2-REPORT.pdf"
Originator:                              Petaja, Tuukka, tuukka.petaja@helsinki.fi, University of Helsinki, UHEL, Division of Atmospheric Sciences, PO BOX 64,, FI-00014, Helsinki, Finland
Originator:                              Virkkula, Aki, aki.virkkula@helsinki.fi, University of Helsinki, UHEL, Division of Atmospheric Sciences, PO BOX 64,, FI-00014, Helsinki, Finland
Originator:                              Luoma, Krista, krista.q.luoma@helsinki.fi, University of Helsinki, UHEL, Division of Atmospheric Sciences, PO BOX 64,, FI-00014, Helsinki, Finland
Submitter:                               Luoma, Krista, krista.q.luoma@helsinki.fi, University of Helsinki, UHEL, Division of Atmospheric Sciences, PO BOX 64,, FI-00014, Helsinki, Finland
Acknowledgement:                         Request acknowledgement details from data originator 
Comment:                                 The flow was increased from 11 lpm to 40 lpm in 17.01.2018 between the filter change.
start_time end_time  TC TC_flag TC_uncert TC_uncert_flag EC EC_flag EC_uncert EC_uncert_flag OC OC_flag OC_uncert OC_uncert_flag OC_pos OC_pos_flag OC_uncert_pos OC_uncert_pos_flag OC_peak1 OC_peak1_flag OC_peak2 OC_peak2_flag OC_peak3 OC_peak3_flag OC_peak4 OC_peak4_flag OC_Pyr OC_Pyr_flag
351.354167	353.349306	0.774	0.000	0.108	0.000	0.086	0.000	0.035	0.000	0.687	0.000	0.074	0.000	0.385	0.000	0.054	0.000	0.129	0.000	0.150	0.000	0.223	0.000	0.123	0.000	0.063	0.000
353.349306	355.354167	0.888	0.000	0.117	0.000	0.059	0.000	0.034	0.000	0.830	0.000	0.085	0.000	0.458	0.000	0.059	0.000	0.122	0.000	0.252	0.000	0.231	0.000	0.137	0.000	0.087	0.000
355.354167	362.318750	0.562	0.000	0.055	0.000	0.077	0.000	0.013	0.000	0.486	0.000	0.042	0.000	0.098	0.000	0.015	0.000	0.079	0.000	0.107	0.000	0.083	0.000	0.077	0.000	0.139	0.000
362.318750	366.368750	1.018	0.000	0.098	0.000	0.139	0.000	0.024	0.000	0.879	0.000	0.075	0.000	0.135	0.000	0.024	0.000	0.119	0.000	0.186	0.000	0.147	0.000	0.137	0.000	0.289	0.000
366.368750	368.297222	0.880	0.000	0.119	0.000	0.127	0.000	0.040	0.000	0.753	0.000	0.081	0.000	0.270	0.000	0.048	0.000	0.121	0.000	0.269	0.000	0.130	0.000	0.136	0.000	0.097	0.000
368.297222	372.344444	0.517	0.000	0.063	0.000	0.065	0.000	0.019	0.000	0.452	0.000	0.045	0.000	0.136	0.000	0.024	0.000	0.088	0.000	0.124	0.000	0.080	0.000	0.078	0.000	0.081	0.000
372.344444	374.345833	0.801	0.000	0.111	0.000	0.068	0.000	0.035	0.000	0.733	0.000	0.078	0.000	0.191	0.000	0.042	0.000	0.149	0.000	0.305	0.000	0.139	0.000	0.084	0.000	0.056	0.000
374.345833	376.318750	0.961	0.000	0.123	0.000	0.121	0.000	0.039	0.000	0.841	0.000	0.086	0.000	0.354	0.000	0.053	0.000	0.160	0.000	0.227	0.000	0.185	0.000	0.149	0.000	0.120	0.000
376.318750	379.335417	1.081	0.000	0.111	0.000	0.164	0.000	0.030	0.000	0.917	0.000	0.082	0.000	0.382	0.000	0.045	0.000	0.149	0.000	0.179	0.000	0.135	0.000	0.161	0.000	0.293	0.000
379.335417	381.356250	1.571	0.000	0.163	0.000	0.177	0.000	0.041	0.000	1.394	0.000	0.124	0.000	0.261	0.000	0.046	0.000	0.183	0.000	0.293	0.000	0.198	0.000	0.214	0.000	0.507	0.000
