ebas_test_data/FI0036R.20171201220000.20180605120000.low_vol_sampler.oc_ec_tc.pm25.12w.3d.FI01L_Derenda_Mato.FI01L_OCEC_Lab_Instrument.lev2.nas
120 1001
Aurela, Minna 
FI01L, Finnish Meteorological Institute, FMI, Atmospheric composition, Erik Palménin aukio 1,, FI-00560, Helsinki, Finland
Aurela, Minna
EMEP ACTRIS GAW-WDCA CAMPAIGN COLOSSAL
1 1
2017 12 01 2018 06 05
3
days from file reference point
27
1 1 1 1 1 1 1 1 1 1 1 1 1 1 1 1 1 1 1 1 1 1 1 1 1 1 1 
9999.999999 99.999 9.999999999 99.999 9.999999999 99.999 9.999999999 99.999 9.999999999 99.999 9.999999999 99.999 9.999999999 99.999 9.999999999 99.999 9.999999999 99.999 9.999999999 99.999 9.999999999 99.999 9.999999999 99.999 9.999999999 99.999 9.999999999
end_time of measurement, days from the file reference point
total_carbon, ug C/m3, QA1 bias=8%, QA1 variability=6%, Detection limit=0.015 ug C/m3
numflag total_carbon, no unit
total_carbon, ug C/m3, Statistics=uncertainty
numflag total_carbon, no unit, Statistics=uncertainty
elemental_carbon, ug C/m3, QA1 bias=10%, QA1 variability=7%, Detection limit=0.015 ug C/m3
numflag elemental_carbon, no unit
elemental_carbon, ug C/m3, Statistics=uncertainty
numflag elemental_carbon, no unit, Statistics=uncertainty
organic_carbon, ug C/m3, QA1 bias=8%, QA1 variability=6%, Detection limit=0.015 ug C/m3
numflag organic_carbon, no unit
organic_carbon, ug C/m3, Statistics=uncertainty
numflag organic_carbon, no unit, Statistics=uncertainty
organic_carbon, ug C/m3, Artifact=positive
numflag organic_carbon, no unit, Artifact=positive
organic_carbon, ug C/m3, Artifact=positive, Statistics=uncertainty
numflag organic_carbon, no unit, Artifact=positive, Statistics=uncertainty
organic_carbon, ug C/m3, Fraction=OC1
numflag organic_carbon, no unit, Fraction=OC1
organic_carbon, ug C/m3, Fraction=OC2
numflag organic_carbon, no unit, Fraction=OC2
organic_carbon, ug C/m3, Fraction=OC3
numflag organic_carbon, no unit, Fraction=OC3
organic_carbon, ug C/m3, Fraction=OC4
numflag organic_carbon, no unit, Fraction=OC4
organic_carbon, ug C/m3, Fraction=OCPyr
numflag organic_carbon, no unit, Fraction=OCPyr
0
79
Data definition: EBAS_1.1
Set type code: TU
Timezone: UTC
File name: FI0036R.20171201220000.20180605120000.low_vol_sampler.oc_ec_tc.pm25.12w.3d.FI01L_Derenda_Mato.FI01L_OCEC_Lab_Instrument.lev2.nas
Startdate: 20171201220000
Revision date: 20180605120000
Version: 1
Version description: initial revision, manually inspected
Data level: 2
Period code: 12w
Resolution code: 3d
Sample duration: 3d
Orig. time res.: 3d
Station code: FI0036R
Platform code: FI0036S
Station name: Pallas (Matorova)
Station WDCA-ID: GAWANO__MAT
Station GAW-Name: Matorova(Finland)
Station GAW-ID: MAT
Station AIRS-ID:
Station other IDs:
Station state/province:
Station land use: Forest
Station setting: Global
Station GAW type: R
Station WMO region: 6
Station latitude: 67.99996977
Station longitude: 24.24001214
Station altitude: 340.0 m
Measurement latitude: 67.999970
Measurement longitude: 24.240012
Measurement altitude: 344.0 m
Measurement height: 4m
Component: oc_ec_tc
Unit: ug C/m3
Matrix: pm25
Laboratory code: FI01L
Instrument type: low_vol_sampler
Instrument manufacturer: Derenda
Instrument model: LVS 3.1
Instrument name: Derenda_Mato
Instrument serial number: 00836
Analytical laboratory code: FI01L
Analytical measurement technique: thermal-optical_analysis
Analytical instrument manufacturer: Sunset Laboratory
Analytical instrument model: OCEC Lab Instrument Model 5
Analytical instrument name: OCEC_Lab_Instrument
Analytical instrument serial number: 377-161
Charring correction: By laser transmission
Standard method: SOP=EMEP_manual_v2014, TEMP=EUSAAR_2
Inlet type: Impactor--direct
Inlet description: Comde Derenda PM2.5
Flow rate: 38.0 l/min
Filter face velocity: 48 cm/s
Exposed filter area: 13.2 cm2
Humidity/temperature control: None
Humidity/temperature control description:filter kept at ambient conditions together with sampling head
Volume std. temperature: ambient
Volume std. pressure:    ambient
Medium: Quartz
Filter description: PALL 2500 QAT-UP 47mm
Filter prefiring: 900K, 6h
Filter conditioning: None
Sample preparation: None
Blank correction: Not blank corrected
Artifact correction: Positive only
Artifact correction description:QBQ approach
Detection limit expl.: LOD provided by the instrumental manufacturer was used 
Measurement uncertainty expl.: Measurement uncertainty includes quantifiable uncertainty
Zero/negative values code: Zero/negative possible
Zero/negative values: none
QA1 measure ID: ECAC-OCEC-2017-2
QA1 date: 20171001
QA1 document URL: "http://www.actris-ecac.eu/files/OCEC-2017-2-REPORT.pdf
Originator: Aurela, Minna, minna.aurela@fmi.fi, Finnish Meteorological Institute, FMI, Atmospheric composition, Erik Palménin aukio 1,, FI-00560, Helsinki, Finland
Submitter: Aurela, Minna, minna.aurela@fmi.fi, Finnish Meteorological Institute, FMI, Atmospheric composition, Erik Palménin aukio 1,, FI-00560, Helsinki, Finland 
Acknowledgement: Request acknowledgement details from data originator
Comment:
start_time	end_time	TC	TC_flag	TC_unc	TC_unc_flag	EC	EC_flag	EC_unc	EC_unc_flag	OC	OC_flag	OC_unc	OC_unc_flag	OC_pos	OC_pos_flag	OC_unc_pos	OC_unc_pos_flag	OC_peak1	OC_peak1_flag	OC_peak2	OC_peak2_flag	OC_peak3	OC_peak3_flag	OC_peak4	OC_peak4_flag	OC_Pyr	OC_Pyr_flag
0.916667	3.916667	0.214	0.000000000	0.328	0.000000000	0.031	0.000000000	0.010	0.000000000	0.183	0.000000000	0.018	0.000000000	0.116	0.000000000	0.014	0.000000000	0.039	0.000000000	0.044	0.000000000	0.037	0.000000000	0.037	0.000000000	0.027	0.000000000
3.916667	6.916667	0.095	0.000000000	0.259	0.000000000	0.017	0.000000000	0.009	0.000000000	0.078	0.000000000	0.012	0.000000000	0.079	0.000000000	0.012	0.000000000	0.016	0.000000000	0.021	0.000000000	0.021	0.000000000	0.015	0.000000000	0.005	0.000000000
6.916667	9.916667	0.156	0.000000000	0.294	0.000000000	0.025	0.000000000	0.010	0.000000000	0.132	0.000000000	0.015	0.000000000	0.061	0.000000000	0.011	0.000000000	0.018	0.000000000	0.028	0.000000000	0.036	0.000000000	0.028	0.000000000	0.021	0.000000000
9.916667	12.916667	0.604	0.000000000	0.559	0.000000000	0.061	0.000000000	0.011	0.000000000	0.543	0.000000000	0.036	0.000000000	0.119	0.000000000	0.014	0.000000000	0.085	0.000000000	0.082	0.000000000	0.043	0.000000000	0.082	0.000000000	0.251	0.000000000
12.916667	15.916667	0.242	0.000000000	0.346	0.000000000	0.051	0.000000000	0.011	0.000000000	0.192	0.000000000	0.018	0.000000000	0.067	0.000000000	0.012	0.000000000	0.034	0.000000000	0.033	0.000000000	0.025	0.000000000	0.036	0.000000000	0.062	0.000000000
15.916667	18.916667	0.160	0.000000000	0.299	0.000000000	0.040	0.000000000	0.010	0.000000000	0.120	0.000000000	0.014	0.000000000	0.065	0.000000000	0.011	0.000000000	0.016	0.000000000	0.028	0.000000000	0.020	0.000000000	0.024	0.000000000	0.033	0.000000000
18.916667	21.916667	0.162	0.000000000	0.297	0.000000000	0.033	0.000000000	0.010	0.000000000	0.128	0.000000000	0.015	0.000000000	0.068	0.000000000	0.012	0.000000000	0.026	0.000000000	0.027	0.000000000	0.030	0.000000000	0.029	0.000000000	0.015	0.000000000
21.916667	24.916667	0.142	0.000000000	0.288	0.000000000	0.013	0.147000000	0.009	0.000000000	0.129	0.000000000	0.015	0.000000000	0.088	0.000000000	0.013	0.000000000	0.022	0.000000000	0.030	0.000000000	0.025	0.000000000	0.041	0.000000000	0.010	0.000000000
24.916667	27.916667	0.193	0.000000000	0.320	0.000000000	0.034	0.000000000	0.010	0.000000000	0.159	0.000000000	0.016	0.000000000	0.061	0.000000000	0.011	0.000000000	0.027	0.000000000	0.034	0.000000000	0.025	0.000000000	0.032	0.000000000	0.041	0.000000000
27.916667	30.916667	0.333	0.000000000	0.404	0.000000000	0.047	0.000000000	0.011	0.000000000	0.287	0.000000000	0.023	0.000000000	0.108	0.000000000	0.014	0.000000000	0.050	0.000000000	0.050	0.000000000	0.034	0.000000000	0.042	0.000000000	0.111	0.000000000
30.916667	33.916667	0.601	0.000000000	0.560	0.000000000	0.066	0.000000000	0.012	0.000000000	0.535	0.000000000	0.035	0.000000000	0.132	0.000000000	0.015	0.000000000	0.074	0.000000000	0.099	0.000000000	0.061	0.000000000	0.070	0.000000000	0.231	0.000000000
33.916667	36.916667	0.345	0.000000000	0.410	0.000000000	0.057	0.000000000	0.011	0.000000000	0.288	0.000000000	0.023	0.000000000	0.095	0.000000000	0.013	0.000000000	0.040	0.000000000	0.055	0.000000000	0.034	0.000000000	0.042	0.000000000	0.117	0.000000000
36.916667	39.916667	0.271	0.000000000	0.366	0.000000000	0.060	0.000000000	0.011	0.000000000	0.211	0.000000000	0.019	0.000000000	0.135	0.000000000	0.015	0.000000000	0.042	0.000000000	0.045	0.000000000	0.043	0.000000000	0.045	0.000000000	0.037	0.000000000
39.916667	42.916667	0.257	0.000000000	0.359	0.000000000	0.034	0.000000000	0.010	0.000000000	0.223	0.000000000	0.019	0.000000000	0.108	0.000000000	0.013	0.000000000	0.075	0.000000000	0.070	0.000000000	0.035	0.000000000	0.034	0.000000000	0.009	0.000000000
42.916667	45.916667	0.731	0.000000000	0.645	0.000000000	0.066	0.000000000	0.011	0.000000000	0.665	0.000000000	0.041	0.000000000	0.181	0.000000000	0.017	0.000000000	0.104	0.000000000	0.118	0.000000000	0.067	0.000000000	0.076	0.000000000	0.299	0.000000000
45.916667	48.916667	0.582	0.000000000	0.566	0.000000000	0.078	0.000000000	0.012	0.000000000	0.505	0.000000000	0.033	0.000000000	0.124	0.000000000	0.014	0.000000000	0.071	0.000000000	0.088	0.000000000	0.042	0.000000000	0.061	0.000000000	0.242	0.000000000
48.916667	51.916667	0.807	0.000000000	0.715	0.000000000	0.099	0.000000000	0.013	0.000000000	0.708	0.000000000	0.043	0.000000000	0.107	0.000000000	0.013	0.000000000	0.094	0.000000000	0.114	0.000000000	0.055	0.000000000	0.086	0.000000000	0.358	0.000000000
51.916667	54.916667	0.782	0.000000000	0.691	0.000000000	0.103	0.000000000	0.013	0.000000000	0.679	0.000000000	0.042	0.000000000	0.123	0.000000000	0.014	0.000000000	0.077	0.000000000	0.107	0.000000000	0.049	0.000000000	0.075	0.000000000	0.371	0.000000000
54.916667	57.916667	0.328	0.000000000	0.403	0.000000000	0.052	0.000000000	0.011	0.000000000	0.276	0.000000000	0.022	0.000000000	0.088	0.000000000	0.012	0.000000000	0.036	0.000000000	0.059	0.000000000	0.036	0.000000000	0.046	0.000000000	0.098	0.000000000
57.916667	60.916667	0.408	0.000000000	0.453	0.000000000	0.064	0.000000000	0.011	0.000000000	0.344	0.000000000	0.025	0.000000000	0.167	0.000000000	0.016	0.000000000	0.053	0.000000000	0.031	0.000000000	0.030	0.000000000	0.052	0.000000000	0.179	0.000000000
60.916667	63.916667	0.160	0.000000000	0.302	0.000000000	0.036	0.000000000	0.010	0.000000000	0.124	0.000000000	0.014	0.000000000	0.090	0.000000000	0.012	0.000000000	0.022	0.000000000	0.018	0.000000000	0.017	0.000000000	0.025	0.000000000	0.042	0.000000000
63.916667	66.916667	0.743	0.000000000	0.676	0.000000000	0.085	0.000000000	0.012	0.000000000	0.658	0.000000000	0.041	0.000000000	0.134	0.000000000	0.015	0.000000000	0.082	0.000000000	0.101	0.000000000	0.059	0.000000000	0.072	0.000000000	0.344	0.000000000
66.916667	69.916667	0.232	0.000000000	0.345	0.000000000	0.033	0.000000000	0.010	0.000000000	0.199	0.000000000	0.018	0.000000000	0.111	0.000000000	0.014	0.000000000	0.037	0.000000000	0.039	0.000000000	0.026	0.000000000	0.031	0.000000000	0.066	0.000000000
69.916667	72.916667	0.784	0.000000000	0.681	0.000000000	0.076	0.000000000	0.012	0.000000000	0.708	0.000000000	0.044	0.000000000	0.160	0.000000000	0.016	0.000000000	0.093	0.000000000	0.112	0.000000000	0.062	0.000000000	0.066	0.000000000	0.375	0.000000000
72.916667	75.916667	0.866	0.000000000	0.728	0.000000000	0.085	0.000000000	0.012	0.000000000	0.781	0.000000000	0.047	0.000000000	0.215	0.000000000	0.019	0.000000000	0.105	0.000000000	0.131	0.000000000	0.063	0.000000000	0.074	0.000000000	0.409	0.000000000
75.916667	78.916667	0.670	0.000000000	0.615	0.000000000	0.058	0.000000000	0.011	0.000000000	0.612	0.000000000	0.039	0.000000000	0.119	0.000000000	0.014	0.000000000	0.095	0.000000000	0.114	0.000000000	0.060	0.000000000	0.067	0.000000000	0.276	0.000000000
78.916667	81.916667	0.328	0.000000000	0.409	0.000000000	0.032	0.000000000	0.009	0.000000000	0.297	0.000000000	0.023	0.000000000	0.157	0.000000000	0.016	0.000000000	0.040	0.000000000	0.072	0.000000000	0.054	0.000000000	0.050	0.000000000	0.080	0.000000000
81.916667	84.916667	0.173	0.000000000	0.311	0.000000000	0.034	0.000000000	0.009	0.000000000	0.139	0.000000000	0.015	0.000000000	0.091	0.000000000	0.012	0.000000000	0.027	0.000000000	0.019	0.000000000	0.020	0.000000000	0.026	0.000000000	0.047	0.000000000
