ebas_test_data/FR0020R.20171201000000.20190101000000.lvs.levoglucosan.pm25.3mo.36h.FR01L_low_vol_sampler_Thermo_Partisol2025..lev2.nas
93 1001
Petit, Jean-Eudes; Truong, Francois; Bonnaire, Nicolas
FR01L, Laboratoire des Sciences du Climat et de l'Environnement, LSCE-CNRS-CEA, CEA Orme des Merisiers, Bat 701, , 91191, Gif-sur-Yvette, France
Pascal, Nicolas
ACTRIS EMEP GAW-WDCA
1 1
2017 12 01 2019 01 01
0
days from file reference point
7
1 1 1 1 1 1 1
999 99999.999	9.999	999.999 9.999	999.999 9.999
end_time of measurement, days from the file reference point
levoglucosan, ng/m3
numflag levoglucosan, no unit
mannosan, ng/m3
numflag mannosan, no unit
galactosan, ng/m3
numflag galactosan, no unit
0
72
Data definition:              EBAS_1.1
Set type code:                TI
Timezone:                     UTC
File name:                    FR0020R.20171201000000.20190101000000.low_vol_sampler.levoglucosan.pm25.3mo.36h.FR01L_low_vol_sampler_Thermo_Partisol2025..lev2.nas
Startdate:                    20171201000000
Revision date:                20190101000000
Version:                      1
Version description:          initial revision
Statistics:                   arithmetic mean
Data level:                   2
Period code:                  3mo
Resolution code:              36h
Sample duration:              1d
Orig. time res.:              1d
Station code:                 FR0020R
Platform code:                FR0020S
Station name:                 SIRTA Atmospheric Research Observatory
Station latitude:             48.7086111111
Station longitude:            2.15888888889
Station altitude:             162.0 m
Measurement latitude:         48.709
Measurement longitude:        2.159
Measurement altitude:         162.0 m
Measurement height:           2.5 m
Regime:                       IMG
Component:                    levoglucosan
Unit:                         ng/m3
Matrix:                       pm25
Laboratory code:              FR01L
Instrument type:              low_vol_sampler
Instrument name:              low_vol_sampler_Thermo_Partisol2025
Instrument manufacturer:      Thermo
Instrument model:             Partisol2025
Instrument serial number:     2025B219910708
Analytical laboratory code:   
Analytical measurement technique: 
Analytical instrument name:   
Analytical instrument manufacturer: 
Analytical instrument model:  
Analytical instrument serial number: 
Method ref:                   
Standard method:              
Inlet type:                   Impactor--direct
Inlet description:            PM2.5 size cut-off ; 1 meter denuder ChemComb3500 Thermo Scientific
Flow rate:                    16.7 l/min
Filter face velocity:         23.1 cm/s
Exposed filter area:          12.01 cm2
Filter description:           Tissuquartz 2500 QAT-UP 47mm
Medium:                       Quartz
Filter prefiring:             Not prefired
Filter conditioning:          673.0 K, 0.0 %RH, 24.0 h
Sample preparation:           None
Blank correction:             Not blank corrected
Artifact correction:          None
Charring correction:          
Humidity/temperature control: None
Humidity/temperature control description: filter kept at ambient conditions together with sampling head
Volume std. temperature:      ambient
Volume std. pressure:         ambient
Detection limit expl.:        
Zero/negative values code:    
Zero/negative values:         
QA1 measure ID:               
QA1 date:                     
QA1 document URL:             
Originator:                   Petit, Jean-Eudes, , , , , , , , , 
Originator:                   Truong, Francois, francois.truong@lsce.ipsl.fr, Laboratoire des Sciences du Climat et de l'Environnement, LSCE, SIRTA, CEA Orme des Merisiers, Bat 701, 91191, Gif-sur-Yvette, France
Originator:                   Bonnaire, Nicolas, nicolas.bonnaire@lsce.ipsl.fr, Laboratoire des Sciences du Climat et de l'Environnement, LSCE, SIRTA, CEA Orme des Merisiers, Bat 701, 91191, Gif-sur-Yvette, France
Submitter:                    Pascal, Nicolas, , , , , , , , , 
Acknowledgement:              For using this data for any kind of publications, you must contact the data originator(s), in terms of acknowledgment
Comment:                      None
start_time	end_time	Levoglucosan	Levo_flag	Mannosan	Manno_flag	Galactosan	Galacto_flag
0	1	243.862	0.000	24.984	0.000	9.202	0.000
1	2	530.965	0.000	53.292	0.000	15.499	0.000
2	3	1030.304	0.000	81.499	0.000	31.325	0.000
3	4	816.036	0.000	69.105	0.000	25.244	0.000
4	5	774.664	0.000	68.592	0.000	22.737	0.000
5	6	632.452	0.000	54.532	0.000	23.654	0.000
6	7	99999.999	0.999	999.999	0.999	999.999	0.999
7	8	99999.999	0.999	999.999	0.999	999.999	0.999
9	10	99999.999	0.999	999.999	0.999	999.999	0.999
11	12	336.819	0.000	29.591	0.000	10.933	0.000
12	13	122.941	0.000	11.005	0.000	4.432	0.000
13	14	99.219	0.000	11.831	0.000	3.258	0.000
15	16	338.939	0.000	29.179	0.000	11.367	0.000
17	18	355.381	0.000	32.306	0.000	13.300	0.000
19	20	565.184	0.000	52.969	0.000	20.187	0.000
20	21	185.775	0.000	21.913	0.000	8.442	0.000
21	22	253.554	0.000	21.932	0.000	7.936	0.000
23	24	156.287	0.000	16.618	0.000	5.720	0.000
25	26	80.644	0.000	6.497	0.000	1.935	0.000
27	28	379.490	0.000	30.517	0.000	13.778	0.000
28	29	366.006	0.000	30.791	0.000	11.240	0.000
29	30	58.544	0.000	4.826	0.000	1.326	0.000
30	31	58.946	0.000	4.577	0.000	1.509	0.000
31	32	102.478	0.000	10.551	0.000	3.285	0.000
33	34	60.652	0.000	4.997	0.000	1.873	0.000
35	36	305.533	0.000	30.588	0.000	8.873	0.000
37	38	99999.999	0.999	999.999	0.999	999.999	0.999
39	40	311.735	0.000	25.649	0.000	18.239	0.000
41	42	368.340	0.000	34.528	0.000	11.336	0.000
42	43	344.807	0.000	50.050	0.000	30.714	0.000
43	44	527.370	0.000	56.173	0.000	16.296	0.000
44	45	801.611	0.000	75.434	0.000	32.434	0.000
45	46	201.387	0.000	18.335	0.000	7.170	0.000
46	47	34.294	0.000	2.750	0.000	1.144	0.000
47	48	54.228	0.000	4.142	0.000	1.821	0.000
49	50	96.883	0.000	9.218	0.000	3.289	0.000
51	52	61.965	0.000	4.748	0.000	1.324	0.000
53	54	79.624	0.000	5.969	0.000	2.010	0.000
55	56	100.728	0.000	9.428	0.000	2.914	0.000
56	57	387.675	0.000	33.156	0.000	14.153	0.000
57	58	429.154	0.000	37.198	0.000	12.086	0.000
58	59	276.789	0.000	23.427	0.000	9.189	0.000
59	60	136.466	0.000	14.102	0.000	4.300	0.000
61	62	159.709	0.000	14.679	0.000	5.610	0.000
63	64	578.205	0.000	49.061	0.000	17.080	0.000
65	66	262.502	0.000	35.535	0.000	10.242	0.000
67	68	330.382	0.000	42.573	0.000	16.118	0.000
68	69	424.443	0.000	48.936	0.000	22.703	0.000
69	70	823.882	0.000	71.954	0.000	25.752	0.000
70	71	743.781	0.000	63.497	0.000	23.888	0.000
71	72	139.529	0.000	12.114	0.000	4.454	0.000
73	74	350.967	0.000	29.752	0.000	11.125	0.000
75	76	176.365	0.000	15.807	0.000	5.720	0.000
77	78	531.785	0.000	51.280	0.000	21.308	0.000
79	80	1624.358	0.000	140.521	0.000	56.188	0.000
80	81	1421.314	0.000	135.692	0.000	30.798	0.000
81	82	732.071	0.000	97.508	0.000	23.193	0.000
83	84	809.689	0.000	108.775	0.000	28.730	0.000
84	85	223.800	0.000	33.593	0.000	13.389	0.000
85	86	559.938	0.000	71.873	0.000	16.887	0.000
86	87	607.096	0.000	94.973	0.000	13.687	0.000
87	88	350.730	0.000	33.547	0.000	6.412	0.000
88	89	600.995	0.000	64.139	0.000	22.627	0.000
89	90	428.448	0.000	55.384	0.000	22.544	0.000
90	91	722.816	0.000	73.113	0.000	19.248	0.000
91	92	892.488	0.000	93.003	0.000	19.025	0.000
92	93	601.292	0.000	45.074	0.000	11.255	0.000
95	96	273.365	0.000	22.517	0.000	4.908	0.000
