ebas_test_data/FR0035U.20171001000000.20190101000000.hvs.ecoctc.pm10.22w.3d.FR18L_DIGITEL_DHA-80_Marseille_pm10.FR18L_SUNSET_Marseille.lev2.nas
99 1001
Jaffrezo, Jean Luc; Weber, Samuel; Vella, Anthony
FR18L, Université Grenoble-Alpes-CNRS, IGE, Insitut des Géosciences de l'Environnement, 54 rue Molière, Domaine Universitaire, 38400, Saint-Martin-d'Hères, France
Jaffrezo, Jean Luc
ACTRIS EMEP GAW-WDCA COLOSSAL CAMPAIGN
1 1
2017 09 30 2019 01 01
0
days from file reference point
7
1 1 1 1 1 1 1
9999 99.99 9.999 999.99 9.999 999.99 9.999
end_time of measurement, days from the file reference point
elemental_carbon, ug C/m3, Detection limit=0.01 ug C/m3
numflag elemental_carbon, no unit
organic_carbon, ug C/m3, Detection limit=0.37 ug C/m3
numflag organic_carbon, no unit
total_carbon, ug C/m3
numflag total_carbon, no unit
0
78
Data definition:              EBAS_1.1
Set type code:                TI
Timezone:                     UTC
File name:                    FR0035U.20171001000000.20190101000000.high_vol_sampler.ec_oc_tc.pm10.22w.3d.FR18L_DIGITEL_DHA-80_Marseille_pm10.FR18L_SUNSET_Marseille.lev2.nas
Startdate:                    20171001000000
Revision date:                20190101000000
Version:                      1
Version description:          initial revision, manually inspected
Statistics:                   
Data level:                   2
Period code:                  22w
Resolution code:              3d
Sample duration:              1d
Orig. time res.:              1d
Station code:                 FR0035U
Platform code:                FR0035S
Station name:                 Marseille Longchamp
Station GAW-ID:               
Station land use:             Urban park
Station setting:              Urban and center city
Station WMO region:           6
Station latitude:             43.305287
Station longitude:            5.394716
Station altitude:             73.0 m
Measurement latitude:         
Measurement longitude:        
Measurement altitude:         
Measurement height:           
Regime:                       IMG
Component:                    ec_oc_tc
Unit:                         ug C/m3
Matrix:                       pm10
Laboratory code:              FR18L
Instrument type:              high_vol_sampler
Instrument name:              DIGITEL_DHA-80_Marseille_pm10
Instrument manufacturer:      DIGITEL
Instrument model:             DHA-80
Instrument serial number:     
Analytical laboratory code:   FR18L
Analytical measurement technique: thermal-optical_analysis
Analytical instrument name:   SUNSET_Marseille
Analytical instrument manufacturer: Sunset Laboratory
Analytical instrument model:  
Analytical instrument serial number: 
Method ref:                   FR18L_SUNSET_Marseille
Standard method:              TEMP=EUSAAR_2
Inlet type:                   Impactor--direct
Inlet description:            PM10 size cut-off
Flow rate:                    500 l/min
Filter face velocity:         54.13 cm/s
Exposed filter area:          153.94 cm2
Filter description:           Tissuquartz 2500 QAT-UP 150mm
Medium:                       Quartz
Filter prefiring:             773.15 K, 8.0 h
Filter conditioning:          None
Sample preparation:           None
Blank correction:             Blank corrected
Artifact correction:          None
Charring correction:          By laser transmission
Humidity/temperature control: None
Humidity/temperature control description: filter kept at ambient conditions together with sampling head
Volume std. temperature:      ambient
Volume std. pressure:         ambient
Detection limit expl.:        Determined by taking 3 times standard deviation of ensemble of field blanks for TC and OC, limits given by manufacturer for EC
Measurement uncertainty expl.: Measurement uncertainty as reported by the Sunset instrument
Zero/negative values code:    
Zero/negative values:         
QA1 measure ID:               
QA1 date:                     
QA1 document name:            
QA1 document URL:             
Originator:                   Jaffrezo, Jean Luc, Jean-Luc.Jaffrezo@univ-grenoble-alpes.fr, Laboratoire de Glaciologie et Geophysique de lEnvironnement, LGGE, Laboratoire daerologie, Chimie Atmospherique Neige et Glace, 54 rue Moliere BP 96, F-38402, Saint-Martin dHeres cedex, France
Originator:                   Weber, Samuel,  samuel.weber@univ-grenoble-alpes.fr, Institut des Géosiences de l'Environnement, IGE, Université Grenoble -Alpes CNRS, , 54 rue Molière, 38400, Saint-Martin-d'Hères, France
Originator:                   Vella, Anthony, Anthony.Vella@univ-grenoble-alpes.fr, Institut des Geosciences de l'Environnement, , , Chimie Atmospherique Neige et Glace, 460 rue de la piscine, F-38402, Saint-Martin d'Heres cedex, France
Submitter:                    Jaffrezo, Jean Luc, Jean-Luc.Jaffrezo@univ-grenoble-alpes.fr, Laboratoire de Glaciologie et Geophysique de lEnvironnement, LGGE, Laboratoire daerologie, Chimie Atmospherique Neige et Glace, 54 rue Moliere BP 96, F-38402, Saint-Martin dHeres cedex, France
Acknowledgement:              For using this data for any kind of publications, you must contact the data originator(s), in terms of acknowledgment
Comment:                      
start_time end_time EC	EC_flag OC   OC_flag	TC	TC_flag
1	2	0.69	0.000	3.73	0.000	4.42	0.000
7	8	1.45	0.000	3.91	0.000	5.36	0.000
13	14	1.52	0.000	4.67	0.000	6.19	0.000
19	20	0.65	0.000	3.06	0.000	3.72	0.000
25	26	2.53	0.000	5.32	0.000	7.85	0.000
32	33	1.78	0.000	6.25	0.000	8.03	0.000
37	38	0.59	0.000	2.18	0.000	2.77	0.000
43	44	0.59	0.000	2.71	0.000	3.30	0.000
49	50	3.85	0.000	10.50	0.000	14.34	0.000
55	56	1.26	0.000	4.10	0.000	5.36	0.000
61	62	1.02	0.000	3.33	0.000	4.35	0.000
64	65	0.95	0.000	5.14	0.000	6.09	0.000
67	68	2.58	0.000	10.10	0.000	12.68	0.000
70	71	1.40	0.000	2.21	0.000	3.62	0.000
74	75	2.34	0.000	6.21	0.000	8.55	0.000
76	77	0.81	0.000	1.66	0.000	2.47	0.000
79	80	1.68	0.000	4.19	0.000	5.87	0.000
82	83	2.16	0.000	6.43	0.000	8.59	0.000
85	86	0.97	0.000	17.44	0.000	18.41	0.000
91	92	2.20	0.000	6.85	0.000	9.05	0.000
97	98	1.26	0.000	2.78	0.000	4.04	0.000
100	101	0.61	0.000	1.84	0.000	2.45	0.000
103	104	1.70	0.000	5.33	0.000	7.03	0.000
106	107	0.70	0.000	3.14	0.000	3.85	0.000
109	110	0.53	0.000	1.65	0.000	2.19	0.000
112	113	0.75	0.000	1.62	0.000	2.37	0.000
115	116	1.34	0.000	3.75	0.000	5.09	0.000
118	119	0.52	0.000	1.44	0.000	1.97	0.000
120	121	2.17	0.000	7.91	0.000	10.08	0.000
124	125	1.18	0.000	4.29	0.000	5.47	0.000
127	128	1.24	0.000	4.70	0.000	5.94	0.000
129	130	1.25	0.000	3.01	0.000	4.26	0.000
133	134	0.87	0.000	2.90	0.000	3.77	0.000
136	137	1.56	0.000	4.67	0.000	6.23	0.000
139	140	2.76	0.000	9.75	0.000	12.51	0.000
144	145	1.68	0.000	6.05	0.000	7.74	0.000
146	147	2.24	0.000	9.51	0.000	11.75	0.000
148	149	1.38	0.000	8.12	0.000	9.50	0.000
151	152	0.69	0.000	3.45	0.000	4.15	0.000
154	155	1.12	0.000	2.75	0.000	3.87	0.000
