ebas_test_data/FR0038U.20171002000000.20190101000000.hvs.ec_oc.pm10.6mo.3d.FR18L_DIGITEL_DHA-80_Grenoble_pm10.FR18L_SUNSET_Grenoble.lev2.nas
97 1001
Jaffrezo, Jean Luc; Weber, Samuel; Vella, Anthony
FR18L, Université Grenoble-Alpes-CNRS, IGE, Insitut des Géosciences de l'Environnement, 54 rue Molière, Domaine Universitaire, 38400, Saint-Martin-d'Hères, France
Jaffrezo, Jean Luc
ACTRIS EMEP GAW-WDCA COLOSSAL CAMPAIGN
1 1
2017 10 02 2019 01 01
0
days from file reference point
5
1 1 1 1 1
999 99.99 9.999 99.99 9.999
end_time of measurement, days from the file reference point
elemental_carbon, ug C/m3, Detection limit=0.02 ug C/m3
numflag elemental_carbon, no unit
organic_carbon, ug C/m3, Detection limit=0.18 ug C/m3
numflag organic_carbon, no unit
0
78
Data definition:              EBAS_1.1
Set type code:                TI
Timezone:                     UTC
File name:                    FR0038U.20171002000000.20190101000000.high_vol_sampler.ec_oc.pm10.6mo.3d.FR18L_DIGITEL_DHA-80_Grenoble_pm10.FR18L_SUNSET_Grenoble.lev2.nas
Startdate:                    20171002000000
Revision date:                20190101000000
Version:                      1
Version description:          initial revision, manually inspected
Statistics:                   
Data level:                   2
Period code:                  6mo
Resolution code:              3d
Sample duration:              1d
Orig. time res.:              1d
Station code:                 FR0038U
Platform code:                FR0038S
Station name:                 Grenoble Frenes
Station GAW-ID:               
Station land use:             Urban park
Station setting:              Urban and center city
Station WMO region:           6
Station latitude:             45.161890
Station longitude:            5.735600
Station altitude:             214.0m
Measurement latitude:         
Measurement longitude:        
Measurement altitude:         
Measurement height:           
Regime:                       IMG
Component:                    ec_oc
Unit:                         ug C/m3
Matrix:                       pm10
Laboratory code:              FR18L
Instrument type:              high_vol_sampler
Instrument name:              DIGITEL_DHA-80_Grenoble_pm10
Instrument manufacturer:      DIGITEL
Instrument model:             DHA-80
Instrument serial number:     
Analytical laboratory code:   FR18L
Analytical measurement technique: thermal-optical_analysis
Analytical instrument name:   SUNSET_Grenoble
Analytical instrument manufacturer: Sunset Laboratory
Analytical instrument model:  
Analytical instrument serial number: 
Method ref:                   FR18L_SUNSET_Grenoble
Standard method:              TEMP=EUSAAR_2
Inlet type:                   Impactor--direct
Inlet description:            PM10 size cut-off
Flow rate:                    500 l/min
Filter face velocity:         54.13 cm/s
Exposed filter area:          153.94 cm2
Filter description:           Tissuquartz 2500 QAT-UP 150mm
Medium:                       Quartz
Filter prefiring:             773.15 K, 8.0 h
Filter conditioning:          None
Sample preparation:           None
Blank correction:             Blank corrected
Artifact correction:          None
Charring correction:          By laser transmission
Humidity/temperature control: None
Humidity/temperature control description: filter kept at ambient conditions together with sampling head
Volume std. temperature:      ambient
Volume std. pressure:         ambient
Detection limit expl.:        Determined by taking 3 times standard deviation of ensemble of field blanks for TC and OC, limits given by manufacturer for EC
Measurement uncertainty expl.: Measurement uncertainty as reported by the Sunset instrument
Zero/negative values code:    
Zero/negative values:         
QA1 measure ID:               
QA1 date:                     
QA1 document name:            
QA1 document URL:             
Originator:                   Jaffrezo, Jean Luc, Jean-Luc.Jaffrezo@univ-grenoble-alpes.fr, Laboratoire de Glaciologie et Geophysique de lEnvironnement, LGGE, Laboratoire daerologie, Chimie Atmospherique Neige et Glace, 54 rue Moliere BP 96, F-38402, Saint-Martin dHeres cedex, France
Originator:                   Weber, Samuel,  samuel.weber@univ-grenoble-alpes.fr, Institut des Géosiences de l'Environnement, IGE, Université Grenoble -Alpes CNRS, , 54 rue Molière, 38400, Saint-Martin-d'Hères, France
Originator:                   Vella, Anthony, Anthony.Vella@univ-grenoble-alpes.fr, Institut des Geosciences de l'Environnement, , , Chimie Atmospherique Neige et Glace, 460 rue de la piscine, F-38402, Saint-Martin d'Heres cedex, France
Submitter:                    Jaffrezo, Jean Luc, Jean-Luc.Jaffrezo@univ-grenoble-alpes.fr, Laboratoire de Glaciologie et Geophysique de lEnvironnement, LGGE, Laboratoire daerologie, Chimie Atmospherique Neige et Glace, 54 rue Moliere BP 96, F-38402, Saint-Martin dHeres cedex, France
Acknowledgement:              For using this data for any kind of publications, you must contact the data originator(s), in terms of acknowledgment
Comment:                      
start_time end_time EC	EC_flag OC	OC_flag
0	1	1.50	0.000	3.58	0.000
3	4	1.48	0.000	4.23	0.000
6	7	0.60	0.000	2.83	0.000
9	10	2.02	0.000	4.57	0.000
12	13	1.88	0.000	5.52	0.000
15	16	2.03	0.000	5.75	0.000
18	19	3.62	0.472	8.17	0.000
21	22	0.35	0.000	1.96	0.000
24	25	2.37	0.000	4.91	0.000
27	28	0.40	0.000	2.20	0.000
30	31	2.15	0.000	7.36	0.000
33	34	3.06	0.000	7.87	0.000
36	37	0.52	0.000	2.51	0.000
39	40	1.36	0.000	4.31	0.000
42	43	0.20	0.000	0.84	0.000
45	46	2.44	0.000	6.97	0.000
48	49	1.18	0.000	4.99	0.000
51	52	5.49	0.472	10.94	0.000
53	54	5.87	0.472	9.63	0.000
54	55	0.47	0.000	1.99	0.000
56	57	1.42	0.000	4.90	0.000
57	58	2.66	0.000	7.74	0.000
60	61	0.48	0.000	2.20	0.000
62	63	0.53	0.000	3.70	0.000
63	64	2.29	0.000	8.93	0.000
66	67	3.91	0.472	10.62	0.000
73	74	1.09	0.000	2.58	0.000
76	77	0.49	0.000	2.70	0.000
81	82	4.27	0.472	12.34	0.000
84	85	2.31	0.000	10.77	0.000
87	88	0.43	0.000	2.48	0.000
89	90	2.59	0.000	6.96	0.000
93	94	0.86	0.000	3.24	0.000
96	97	2.11	0.000	5.92	0.000
99	100	0.70	0.000	2.20	0.000
102	103	0.99	0.000	4.60	0.000
105	106	1.46	0.000	5.65	0.000
108	109	1.34	0.000	5.34	0.000
111	112	0.67	0.000	2.69	0.000
115	116	1.89	0.000	5.41	0.000
118	119	0.90	0.000	4.01	0.000
120	121	1.52	0.000	5.93	0.000
123	124	0.80	0.000	3.46	0.000
126	127	1.42	0.000	5.12	0.000
129	130	0.87	0.000	4.11	0.000
132	133	0.95	0.000	4.77	0.000
135	136	1.35	0.000	5.59	0.000
138	139	1.69	0.000	4.84	0.000
141	142	1.46	0.000	5.30	0.000
144	145	1.34	0.000	8.53	0.000
147	148	0.74	0.000	4.57	0.000
150	151	1.46	0.000	7.05	0.000
153	154	1.35	0.000	5.46	0.000
156	157	0.94	0.000	2.29	0.000
159	160	0.37	0.000	2.27	0.000
162	163	0.80	0.000	2.41	0.000
165	166	0.76	0.000	3.77	0.000
168	169	0.49	0.000	2.75	0.000
171	172	0.70	0.000	3.45	0.000
174	175	0.65	0.000	4.30	0.000
177	178	1.34	0.000	3.46	0.000
