ebas_test_data/FR0020R.20171201000000.20211022095056.lvs..pm25.1mo.1d.FR01L_lvs_Thermo_Partisol2025.FR01L_Thermo_Partisol2025_GIF.lev2.nas
104 1001
Petit, Jean-Eudes; Truong, Francois; Bonnaire, Nicolas
FR01L, Laboratoire des Sciences du Climat et de l'Environnement, LSCE-CNRS-CEA, CEA Orme des Merisiers, Bat 701, , 91191, Gif-sur-Yvette, France
Pascal, Nicolas
ACTRIS EMEP GAW-WDCA
1 1
2017 01 01 2021 10 22
1
days from file reference point
14
1 1 1 1 1 1 1 1 1 1 1 1 1 1
999 99.99 9.99 9.99 9.99 9.99 99.99 9.99 99.99 99.99 99.99 9.99 99.99 9.999
end_time of measurement, days from the file reference point
elemental_carbon, ug C/m3, Detection limit=0.026 ug C/m3, QA1 bias=0.0 %, QA1 variability=7.0 %
elemental_carbon, ug C/m3, Fraction=EC1
elemental_carbon, ug C/m3, Fraction=EC2
elemental_carbon, ug C/m3, Fraction=EC3
elemental_carbon, ug C/m3, Fraction=EC4
organic_carbon, ug C/m3, Detection limit=0.194 ug C/m3, QA1 bias=0.0 %, QA1 variability=2.0 %
organic_carbon, ug C/m3, Fraction=OC1
organic_carbon, ug C/m3, Fraction=OC2
organic_carbon, ug C/m3, Fraction=OC3
organic_carbon, ug C/m3, Fraction=OC4
organic_carbon, ug C/m3, Fraction=OCPyr
total_carbon, ug C/m3, Detection limit=0.197 ug C/m3, QA1 bias=0.0 %, QA1 variability=3.0 %
numflag, no unit
0
76
Data definition:              EBAS_1.1
Set type code:                TU
Timezone:                     UTC
File name:                    FR0020R.20171201000000.20211022095056.low_vol_sampler..pm25.1mo.1d.FR01L_low_vol_sampler_Thermo_Partisol2025.FR01L_Thermo_Partisol2025_GIF.lev2.nas
File creation:                20220419140854270985
Export state:                 20220419140852400000
Export filter:                exclude-900,exclude-invalid
Startdate:                    20171201000000
Revision date:                20211022095056
Version:                      1
Version description:          initial revision
Statistics:                   arithmetic mean
Data level:                   2
Period code:                  1mo
Resolution code:              1d
Sample duration:              1d
Orig. time res.:              1d
Station code:                 FR0020R
Platform code:                FR0020S
Station name:                 SIRTA Atmospheric Research Observatory
Station latitude:             48.7086111111
Station longitude:            2.15888888889
Station altitude:             162.0 m
Measurement latitude:         48.709
Measurement longitude:        2.159
Measurement altitude:         162.0 m
Measurement height:           2.5 m
Regime:                       IMG
Component:                    
Unit:                         ug C/m3
Matrix:                       pm25
Laboratory code:              FR01L
Instrument type:              low_vol_sampler
Instrument name:              low_vol_sampler_Thermo_Partisol2025
Instrument manufacturer:      Thermo
Instrument model:             Partisol2025
Instrument serial number:     2025B219910708
Analytical laboratory code:   FR01L
Analytical measurement technique: thermal-optical_analysis
Analytical instrument name:   SIRTA_LSCE_sunset_001
Analytical instrument manufacturer: Sunset Laboratory
Analytical instrument model:  Carbon Aerosol Analyzer
Analytical instrument serial number: 135-A
Method ref:                   FR01L_Thermo_Partisol2025_GIF
Standard method:              SOP=EMEP_manual_v2014, TEMP=EUSAAR_2
Inlet type:                   Impactor--direct
Inlet description:            PM2.5 size cut-off ; 1 meter denuder ChemComb3500 Thermo Scientific
Flow rate:                    16.7 l/min
Filter face velocity:         23.1 cm/s
Exposed filter area:          12.01 cm2
Filter description:           Tissuquartz 2500 QAT-UP 47mm
Medium:                       Quartz
Filter prefiring:             Not prefired
Filter conditioning:          673.0 K, 0.0 %RH, 24.0 h
Sample preparation:           None
Blank correction:             Not blank corrected
Artifact correction:          None
Charring correction:          By laser transmission
Humidity/temperature control: None
Humidity/temperature control description: filter kept at ambient conditions together with sampling head
Volume std. temperature:      ambient
Volume std. pressure:         ambient
Detection limit expl.:        Determined by taking 3 times standard deviation of ensemble of field blanks
Zero/negative values code:    Zero/negative possible
Zero/negative values:         Zero/negative values reported as measured if within detection limit, flagged with 780
QA1 measure ID:               ECAC-OCEC-2017-1
QA1 date:                     20170301
QA1 document name:            "Results of the inter-laboratory comparison exercise for TC and EC measurements (ref.: OCEC-2017-1)"
QA1 document URL:             "http://www.actris-ecac.eu/files/ECAC-report-OCEC-2017-1.pdf"
Originator:                   Petit, Jean-Eudes, , , , , , , , , 
Originator:                   Truong, Francois, francois.truong@lsce.ipsl.fr, Laboratoire des Sciences du Climat et de l'Environnement, LSCE, SIRTA, CEA Orme des Merisiers, Bat 701, 91191, Gif-sur-Yvette, France
Originator:                   Bonnaire, Nicolas, nicolas.bonnaire@lsce.ipsl.fr, Laboratoire des Sciences du Climat et de l'Environnement, LSCE, SIRTA, CEA Orme des Merisiers, Bat 701, 91191, Gif-sur-Yvette, France
Submitter:                    Pascal, Nicolas, , , , , , , , , 
Acknowledgement:              For using this data for any kind of publications, you must contact the data originator(s), in terms of acknowledgment
Comment:                      None
starttime endtime EC EC EC EC EC OC OC OC OC OC OC TC flag
334 335  0.65 -0.01 0.08 0.39 0.21  1.92 0.14  0.44  0.48  0.85 0.03  2.57 0.000
335 336  1.08 0.08 0.32 0.88 0.43  4.49 0.31  0.99  0.76  1.81 0.63  5.57 0.000
336 337  0.84 0.10 0.34 0.84 0.38  5.78 0.31  1.08  1.47  2.10 0.82  6.61 0.000
337 338  0.75 0.11 0.33 0.49 0.19  4.69 0.23  0.85  1.39  1.86 0.37  5.44 0.000
338 339  1.03 0.06 0.29 0.80 0.33  4.19 0.18  0.75  1.24  1.57 0.46  5.22 0.000
339 340  0.81 0.07 0.28 0.65 0.32  4.34 0.17  0.81  1.17  1.68 0.51  5.14 0.000
340 341 99.99 9.99 9.99 9.99 9.99 99.99 9.99 99.99 99.99 99.99 9.99 99.99 0.999
341 342 99.99 9.99 9.99 9.99 9.99 99.99 9.99 99.99 99.99 99.99 9.99 99.99 0.999
342 343 99.99 9.99 9.99 9.99 9.99 99.99 9.99 99.99 99.99 99.99 9.99 99.99 0.999
343 344 99.99 9.99 9.99 9.99 9.99 99.99 9.99 99.99 99.99 99.99 9.99 99.99 0.999
344 345 99.99 9.99 9.99 9.99 9.99 99.99 9.99 99.99 99.99 99.99 9.99 99.99 0.999
345 346  0.51 0.02 0.15 0.39 0.14  2.07 0.13  0.36  0.69  0.72 0.19  2.58 0.000
346 347  0.21 -0.02 0.02 0.12 0.07  1.02 0.09  0.21  0.39  0.35 -0.02  1.23 0.000
347 348  0.04 -0.03 -0.01 0.04 0.02  0.50 0.04  0.10  0.20  0.17 -0.01  0.54 0.000
348 349  0.18 -0.02 0.02 0.11 0.06  0.87 0.09  0.18  0.32  0.28 -0.01  1.05 0.000
349 350  0.41 0.02 0.12 0.28 0.10  1.46 0.06  0.26  0.50  0.52 0.11  1.86 0.000
350 351  0.48 0.05 0.16 0.34 0.14  2.43 0.15  0.47  0.73  0.89 0.21  2.91 0.000
351 352  0.38 0.01 0.10 0.23 0.04  1.40 0.08  0.29  0.52  0.52 0.00  1.78 0.000
352 353  0.73 0.03 0.17 0.47 0.17  2.42 0.15  0.52  0.74  0.93 0.10  3.16 0.000
353 354  0.86 0.07 0.29 0.69 0.28  4.19 0.21  0.77  1.17  1.58 0.47  5.05 0.000
354 355  0.38 -0.03 0.02 0.25 0.24  1.41 0.09  0.31  0.45  0.45 0.10  1.79 0.000
355 356  0.57 -0.03 0.05 0.41 0.34  1.77 0.07  0.36  0.51  0.63 0.20  2.34 0.000
356 357  0.33 -0.04 0.01 0.23 0.26  1.42 0.11  0.28  0.47  0.45 0.12  1.76 0.000
357 358  0.25 -0.02 0.02 0.17 0.18  1.24 0.10  0.21  0.30  0.31 0.15  1.49 0.000
358 359  0.19 -0.03 0.01 0.20 0.24  1.07 0.05  0.22  0.39  0.41 0.17  1.26 0.000
359 360  0.18 -0.02 0.02 0.11 0.06  0.87 0.05  0.18  0.33  0.32 -0.01  1.05 0.000
360 361  0.13 -0.02 0.00 0.07 0.05  0.64 0.08  0.15  0.26  0.18 -0.02  0.77 0.000
361 362  0.43 0.01 0.10 0.32 0.15  2.10 0.13  0.38  0.73  0.71 0.14  2.53 0.000
362 363  0.40 0.02 0.12 0.25 0.08  2.26 0.10  0.41  0.81  0.89 0.06  2.66 0.000
363 364  0.04 -0.02 0.00 0.03 0.01  0.52 0.08  0.13  0.19  0.14 -0.02  0.56 0.000
364 365  0.03 -0.02 0.00 0.03 0.02  0.57 0.08  0.12  0.21  0.16 0.00  0.60 0.000
