ebas_test_data/FR0037I.20171007000000.20190101000000.high_vol_sampler.levoglucosan.pm10.4mo.3d.FR18L_DIGITEL_DHA-80_Port_de_Bouc_pm10..lev2.nas
99 1001
Jaffrezo, Jean Luc; Weber, Samuel; Vella, Anthony
FR18L, Université Grenoble-Alpes-CNRS, IGE, Insitut des Géosciences de l'Environnement, 54 rue Molière, Domaine Universitaire, 38400, Saint-Martin-d'Hères, France
Jaffrezo, Jean Luc
ACTRIS EMEP GAW-WDCA COLOSSAL CAMPAIGN
1 1
2017 10 07 2019 01 01
0
days from file reference point
7
1 1 1 1 1 1 1
9999 9999.99 9.999 999.99 9.999 999.99 9.999
end_time of measurement, days from the file reference point
levoglucosan, ng/m3, Detection limit=0.57 ng/m3
numflag levoglucosan, no unit
mannosan, ng/m3, Detection limit=0.71 ng/m3
numflag mannosan, no unit
galactosan, ng/m3, Detection limit=0.29 ng/m3
numflag galactosan, no unit
0
78
Data definition:              EBAS_1.1
Set type code:                TI
Timezone:                     UTC
File name:                    FR0037I.20171007000000.20190101000000.high_vol_sampler.levoglucosan.pm10.4mo.3d.FR18L_DIGITEL_DHA-80_Port_de_Bouc_pm10..lev2.nas
Startdate:                    20171007000000
Revision date:                20190101000000
Version:                      1
Version description:          initial revision, manually inspected
Statistics:                   
Data level:                   2
Period code:                  4mo
Resolution code:              3d
Sample duration:              1d
Orig. time res.:              1d
Station code:                 FR0037I
Platform code:                FR0037S
Station name:                 Port de Bouc La Lècque
Station GAW-ID:               
Station land use:             Industrial
Station setting:              Urban and center city
Station WMO region:           6
Station latitude:             43.401952
Station longitude:            4.981919
Station altitude:             3.0 m
Measurement latitude:         
Measurement longitude:        
Measurement altitude:         
Measurement height:           
Regime:                       IMG
Component:                    levoglucosan
Unit:                         ng/m3
Matrix:                       pm10
Laboratory code:              FR18L
Instrument type:              high_vol_sampler
Instrument name:              DIGITEL_DHA-80_Port_de_Bouc_pm10
Instrument manufacturer:      DIGITEL
Instrument model:             DHA-80
Instrument serial number:     
Analytical laboratory code:   FR18L
Analytical measurement technique: IC-PAD
Analytical instrument name:   
Analytical instrument manufacturer: 
Analytical instrument model:  
Analytical instrument serial number: 
Method ref:                   
Standard method:              
Inlet type:                   Impactor--direct
Inlet description:            PM10 size cut-off
Flow rate:                    500 l/min
Filter face velocity:         54.13 cm/s
Exposed filter area:          153.94 cm2
Filter description:           Tissuquartz 2500 QAT-UP 150mm
Medium:                       Quartz
Filter prefiring:             773.15 K, 8.0 h
Filter conditioning:          None
Sample preparation:           None
Blank correction:             Blank corrected
Artifact correction:          None
Charring correction:          
Humidity/temperature control: None
Humidity/temperature control description: filter kept at ambient conditions together with sampling head
Volume std. temperature:      ambient
Volume std. pressure:         ambient
Detection limit expl.:        
Measurement uncertainty expl.: 
Zero/negative values code:    
Zero/negative values:         
QA1 measure ID:               
QA1 date:                     
QA1 document name:            
QA1 document URL:             
Originator:                   Jaffrezo, Jean Luc, Jean-Luc.Jaffrezo@univ-grenoble-alpes.fr, Laboratoire de Glaciologie et Geophysique de lEnvironnement, LGGE, Laboratoire daerologie, Chimie Atmospherique Neige et Glace, 54 rue Moliere BP 96, F-38402, Saint-Martin dHeres cedex, France
Originator:                   Weber, Samuel,  samuel.weber@univ-grenoble-alpes.fr, Institut des Géosiences de l'Environnement, IGE, Université Grenoble -Alpes CNRS, ,54 rue Molière, 38400, Saint-Martin-d'Hères, France
Originator:                   Vella, Anthony, Anthony.Vella@univ-grenoble-alpes.fr, Institut des Geosciences de l'Environnement, , , Chimie Atmospherique Neige et Glace, 460 rue de la piscine, F-38402, Saint-Martin d'Heres cedex, France
Submitter:                    Jaffrezo, Jean Luc, Jean-Luc.Jaffrezo@univ-grenoble-alpes.fr, Laboratoire de Glaciologie et Geophysique de lEnvironnement, LGGE, Laboratoire daerologie, Chimie Atmospherique Neige et Glace, 54 rue Moliere BP 96, F-38402, Saint-Martin dHeres cedex, France
Acknowledgement:              For using this data for any kind of publications, you must contact the data originator(s), in terms of acknowledgment
Comment:                      
start_time end_time Levo Levo_flag Manno Manno_flag Galacto Galacto_flag
0	1	48.26	0.000	4.32	0.000	1.54	0.000
3	4	45.32	0.000	4.41	0.000	1.77	0.000
7	8	72.10	0.000	26.84	0.000	6.77	0.000
12	13	7.76	0.000	1.34	0.000	0.30	0.000
18	19	51.25	0.000	7.70	0.000	2.20	0.000
24	25	166.83	0.000	23.52	0.000	8.25	0.000
30	31	61.70	0.000	8.38	0.000	2.92	0.000
36	37	48.39	0.000	6.47	0.000	1.77	0.000
42	43	210.62	0.000	28.31	0.000	10.10	0.000
45	46	496.08	0.000	76.04	0.000	26.44	0.000
48	49	249.10	0.000	46.43	0.000	18.40	0.000
52	53	758.26	0.000	108.15	0.000	42.74	0.000
54	55	217.89	0.000	30.92	0.000	12.04	0.000
57	58	253.71	0.000	39.30	0.000	14.28	0.000
59	60	595.34	0.000	65.79	0.000	27.94	0.000
60	61	1413.73 0.000	248.36	0.000	101.60	0.000
62	63	496.34	0.000	71.57	0.000	29.42	0.000
63	64	287.81	0.000	34.47	0.000	13.77	0.000
75	76	387.97	0.000	60.43	0.000	25.61	0.000
77	78	347.29	0.000	43.10	0.000	15.83	0.000
78	79	942.58	0.000	158.41	0.000	67.47	0.000
81	82	56.56	0.000	10.60	0.000	3.72	0.000
83	84	790.88	0.000	106.54	0.000	44.12	0.000
84	85	551.75	0.000	97.51	0.000	37.64	0.000
99	100	245.91	0.000	33.38	0.000	11.25	0.000
102	103	62.18	0.000	6.04	0.000	1.58	0.000
104	105	212.36	0.000	21.93	0.000	7.10	0.000
105	106	115.61	0.000	14.43	0.000	4.52	0.000
108	109	395.42	0.000	50.76	0.000	18.97	0.000
111	112	377.26	0.000	50.46	0.000	18.91	0.000
117	118	568.62	0.000	71.90	0.000	28.39	0.000
123	124	249.00	0.000	24.14	0.000	9.49	0.000
126	127	188.54	0.000	17.34	0.000	6.69	0.000
127	128	376.36	0.000	45.99	0.000	14.76	0.000
129	130	520.97	0.000	64.81	0.000	25.17	0.000
133	134	258.39	0.000	36.88	0.000	13.29	0.000
135	136	393.62	0.000	42.21	0.000	17.98	0.000
