ebas_test_data/FR0020R.20180101000000.20211022095056.lvs..pm25.65d.1d.FR01L_lvs_Thermo_Partisol2025.FR01L_Thermo_Partisol2025_GIF.lev2.nas
115 1001
Petit, Jean-Eudes; Truong, Francois; Bonnaire, Nicolas
FR01L, Laboratoire des Sciences du Climat et de l'Environnement, LSCE-CNRS-CEA, CEA Orme des Merisiers, Bat 701, , 91191, Gif-sur-Yvette, France
Pascal, Nicolas
ACTRIS EMEP GAW-WDCA
1 1
2018 01 01 2021 10 22
1
days from file reference point
25
1 1 1 1 1 1 1 1 1 1 1 1 1 1 1 1 1 1 1 1 1 1 1 1 1
99 99.99 9.999 9.99 9.999 9.99 9.999 99.99 9.999 9.99 9.999 99.99 9.999 9.99 9.999 99.99 9.999 99.99 9.999 99.99 9.999 99.99 9.999 99.99 9.999
end_time of measurement, days from the file reference point
elemental_carbon, ug C/m3, Detection limit=0.026 ug C/m3, QA1 bias=0.0 %, QA1 variability=7.0 %
numflag elemental_carbon, no unit, Detection limit=0.026 ug C/m3, QA1 bias=0.0 %, QA1 variability=7.0 %
elemental_carbon, ug C/m3, Fraction=EC1
numflag elemental_carbon, no unit, Fraction=EC1
elemental_carbon, ug C/m3, Fraction=EC2
numflag elemental_carbon, no unit, Fraction=EC2
elemental_carbon, ug C/m3, Fraction=EC3
numflag elemental_carbon, no unit, Fraction=EC3
elemental_carbon, ug C/m3, Fraction=EC4
numflag elemental_carbon, no unit, Fraction=EC4
organic_carbon, ug C/m3, Detection limit=0.194 ug C/m3, QA1 bias=0.0 %, QA1 variability=2.0 %
numflag organic_carbon, no unit, Detection limit=0.194 ug C/m3, QA1 bias=0.0 %, QA1 variability=2.0 %
organic_carbon, ug C/m3, Fraction=OC1
numflag organic_carbon, no unit, Fraction=OC1
organic_carbon, ug C/m3, Fraction=OC2
numflag organic_carbon, no unit, Fraction=OC2
organic_carbon, ug C/m3, Fraction=OC3
numflag organic_carbon, no unit, Fraction=OC3
organic_carbon, ug C/m3, Fraction=OC4
numflag organic_carbon, no unit, Fraction=OC4
organic_carbon, ug C/m3, Fraction=OCPyr
numflag organic_carbon, no unit, Fraction=OCPyr
total_carbon, ug C/m3, Detection limit=0.197 ug C/m3, QA1 bias=0.0 %, QA1 variability=3.0 %
numflag total_carbon, no unit, Detection limit=0.197 ug C/m3, QA1 bias=0.0 %, QA1 variability=3.0 %
0
76
Data definition:              EBAS_1.1
Set type code:                TU
Timezone:                     UTC
File name:                    FR0020R.20180101000000.20211022095056.low_vol_sampler..pm25.65d.1d.FR01L_low_vol_sampler_Thermo_Partisol2025.FR01L_Thermo_Partisol2025_GIF.lev2.nas
File creation:                20220419140854341637
Export state:                 20220419140852400000
Export filter:                exclude-900,exclude-invalid
Startdate:                    20180101000000
Revision date:                20211022095056
Version:                      1
Version description:          initial revision
Statistics:                   arithmetic mean
Data level:                   2
Period code:                  65d
Resolution code:              1d
Sample duration:              1d
Orig. time res.:              1d
Station code:                 FR0020R
Platform code:                FR0020S
Station name:                 SIRTA Atmospheric Research Observatory
Station latitude:             48.7086111111
Station longitude:            2.15888888889
Station altitude:             162.0 m
Measurement latitude:         48.709
Measurement longitude:        2.159
Measurement altitude:         162.0 m
Measurement height:           2.5 m
Regime:                       IMG
Component:                    
Unit:                         ug C/m3
Matrix:                       pm25
Laboratory code:              FR01L
Instrument type:              low_vol_sampler
Instrument name:              low_vol_sampler_Thermo_Partisol2025
Instrument manufacturer:      Thermo
Instrument model:             Partisol2025
Instrument serial number:     2025B219910708
Analytical laboratory code:   FR01L
Analytical measurement technique: thermal-optical_analysis
Analytical instrument name:   SIRTA_LSCE_sunset_001
Analytical instrument manufacturer: Sunset Laboratory
Analytical instrument model:  Carbon Aerosol Analyzer
Analytical instrument serial number: 135-A
Method ref:                   FR01L_Thermo_Partisol2025_GIF
Standard method:              SOP=EMEP_manual_v2014, TEMP=EUSAAR_2
Inlet type:                   Impactor--direct
Inlet description:            PM2.5 size cut-off ; 1 meter denuder ChemComb3500 Thermo Scientific
Flow rate:                    16.7 l/min
Filter face velocity:         23.1 cm/s
Exposed filter area:          12.01 cm2
Filter description:           Tissuquartz 2500 QAT-UP 47mm
Medium:                       Quartz
Filter prefiring:             Not prefired
Filter conditioning:          673.0 K, 0.0 %RH, 24.0 h
Sample preparation:           None
Blank correction:             Not blank corrected
Artifact correction:          None
Charring correction:          By laser transmission
Humidity/temperature control: None
Humidity/temperature control description: filter kept at ambient conditions together with sampling head
Volume std. temperature:      ambient
Volume std. pressure:         ambient
Detection limit expl.:        Determined by taking 3 times standard deviation of ensemble of field blanks
Zero/negative values code:    Zero/negative possible
Zero/negative values:         Zero/negative values reported as measured if within detection limit, flagged with 780
QA1 measure ID:               ECAC-OCEC-2017-1
QA1 date:                     20170301
QA1 document name:            "Results of the inter-laboratory comparison exercise for TC and EC measurements (ref.: OCEC-2017-1)"
QA1 document URL:             "http://www.actris-ecac.eu/files/ECAC-report-OCEC-2017-1.pdf"
Originator:                   Petit, Jean-Eudes, , , , , , , , , 
Originator:                   Truong, Francois, francois.truong@lsce.ipsl.fr, Laboratoire des Sciences du Climat et de l'Environnement, LSCE, SIRTA, CEA Orme des Merisiers, Bat 701, 91191, Gif-sur-Yvette, France
Originator:                   Bonnaire, Nicolas, nicolas.bonnaire@lsce.ipsl.fr, Laboratoire des Sciences du Climat et de l'Environnement, LSCE, SIRTA, CEA Orme des Merisiers, Bat 701, 91191, Gif-sur-Yvette, France
Submitter:                    Pascal, Nicolas, , , , , , , , , 
Acknowledgement:              For using this data for any kind of publications, you must contact the data originator(s), in terms of acknowledgment
Comment:                      None
starttime endtime EC flag_EC EC flag_EC EC flag_EC EC flag_EC EC flag_EC OC flag_OC OC flag_OC OC flag_OC OC flag_OC OC flag_OC OC flag_OC TC flag_TC
 0  1  0.03 0.000 -0.02 0.000 0.00 0.000  0.03 0.000 0.01 0.000  0.57 0.000 0.03 0.000  0.09 0.000  0.24 0.000  0.22 0.000 -0.01 0.000  0.60 0.000
 1  2  0.11 0.000 -0.02 0.000 0.02 0.000  0.08 0.000 0.03 0.000  0.79 0.000 0.08 0.000  0.18 0.000  0.27 0.000  0.26 0.000 -0.01 0.000  0.91 0.000
 2  3  0.04 0.000 -0.02 0.000 -0.01 0.000  0.04 0.000 0.02 0.000  0.50 0.000 0.04 0.000  0.10 0.000  0.20 0.000  0.17 0.000  0.00 0.000  0.54 0.000
 3  4  0.04 0.000 -0.02 0.000 0.00 0.000  0.04 0.000 0.02 0.000  0.57 0.000 0.08 0.000  0.14 0.000  0.21 0.000  0.15 0.000 -0.01 0.000  0.61 0.000
 4  5  0.22 0.000 -0.01 0.000 0.03 0.000  0.12 0.000 0.06 0.000  0.87 0.000 0.04 0.000  0.16 0.000  0.35 0.000  0.33 0.000 -0.01 0.000  1.08 0.000
 5  6  0.72 0.000 0.02 0.000 0.14 0.000  0.43 0.000 0.19 0.000  2.20 0.000 0.13 0.000  0.42 0.000  0.70 0.000  0.90 0.000  0.05 0.000  2.92 0.000
 6  7 99.99 0.999 9.99 0.999 9.99 0.999 99.99 0.999 9.99 0.999 99.99 0.999 9.99 0.999 99.99 0.999 99.99 0.999 99.99 0.999 99.99 0.999 99.99 0.999
 7  8 99.99 0.999 9.99 0.999 9.99 0.999 99.99 0.999 9.99 0.999 99.99 0.999 9.99 0.999 99.99 0.999 99.99 0.999 99.99 0.999 99.99 0.999 99.99 0.999
 8  9 99.99 0.999 9.99 0.999 9.99 0.999 99.99 0.999 9.99 0.999 99.99 0.999 9.99 0.999 99.99 0.999 99.99 0.999 99.99 0.999 99.99 0.999 99.99 0.999
 9 10  0.45 0.000 0.01 0.000 0.10 0.000  0.30 0.000 0.13 0.000  2.05 0.000 0.13 0.000  0.38 0.000  0.67 0.000  0.77 0.000  0.10 0.000  2.50 0.000
10 11  1.00 0.000 0.05 0.000 0.26 0.000  0.69 0.000 0.26 0.000  2.99 0.000 0.19 0.000  0.63 0.000  0.72 0.000  1.18 0.000  0.27 0.000  3.99 0.000
11 12  1.26 0.000 0.12 0.000 0.43 0.000  1.05 0.000 0.40 0.000  4.05 0.000 0.28 0.000  0.87 0.000  0.67 0.000  1.49 0.000  0.73 0.000  5.30 0.000
12 13  1.07 0.000 0.06 0.000 0.27 0.000  0.61 0.000 0.19 0.000  4.03 0.000 0.24 0.000  0.81 0.000  0.92 0.000  1.99 0.000  0.06 0.000  5.10 0.000
13 14  0.92 0.000 0.14 0.000 0.45 0.000  0.79 0.000 0.19 0.000  5.70 0.000 0.29 0.000  1.02 0.000  1.32 0.000  2.43 0.000  0.64 0.000  6.62 0.000
14 15  0.22 0.000 -0.01 0.000 0.05 0.000  0.16 0.000 0.05 0.000  1.68 0.000 0.13 0.000  0.32 0.000  0.56 0.000  0.63 0.000  0.03 0.000  1.89 0.000
15 16 -0.01 0.147 -0.03 0.000 -0.01 0.000  0.02 0.000 0.01 0.000  0.41 0.000 0.08 0.000  0.11 0.000  0.15 0.000  0.07 0.000  0.00 0.000  0.40 0.000
16 17  0.05 0.000 -0.02 0.000 0.00 0.000  0.03 0.000 0.00 0.000  0.47 0.000 0.05 0.000  0.12 0.000  0.24 0.000  0.13 0.000 -0.05 0.000  0.53 0.000
17 18  0.12 0.000 -0.02 0.000 0.00 0.000  0.04 0.000 0.01 0.000  0.78 0.000 0.10 0.000  0.17 0.000  0.41 0.000  0.19 0.000 -0.09 0.000  0.90 0.000
18 19  0.17 0.000 -0.02 0.000 0.02 0.000  0.10 0.000 0.05 0.000  0.77 0.000 0.04 0.000  0.16 0.000  0.33 0.000  0.26 0.000 -0.02 0.000  0.94 0.000
19 20  0.14 0.000 -0.02 0.000 0.01 0.000  0.07 0.000 0.04 0.000  0.75 0.000 0.11 0.000  0.15 0.000  0.29 0.000  0.25 0.000 -0.04 0.000  0.89 0.000
20 21  0.23 0.000 -0.03 0.000 0.01 0.000  0.12 0.000 0.10 0.000  0.88 0.000 0.05 0.000  0.17 0.000  0.32 0.000  0.36 0.000 -0.03 0.000  1.11 0.000
21 22  0.10 0.000 -0.02 0.000 0.01 0.000  0.07 0.000 0.04 0.000  0.65 0.000 0.10 0.000  0.15 0.000  0.24 0.000  0.18 0.000 -0.01 0.000  0.76 0.000
22 23  0.13 0.000 -0.02 0.000 0.02 0.000  0.09 0.000 0.03 0.000  0.91 0.000 0.05 0.000  0.20 0.000  0.34 0.000  0.34 0.000 -0.02 0.000  1.04 0.000
23 24  0.16 0.000 -0.02 0.000 0.02 0.000  0.10 0.000 0.05 0.000  0.77 0.000 0.10 0.000  0.16 0.000  0.26 0.000  0.25 0.000 -0.01 0.000  0.93 0.000
24 25  0.23 0.000 0.00 0.000 0.04 0.000  0.10 0.000 0.04 0.000  0.96 0.000 0.10 0.000  0.20 0.000  0.39 0.000  0.32 0.000 -0.04 0.000  1.19 0.000
25 26  0.64 0.000 0.07 0.000 0.21 0.000  0.37 0.000 0.11 0.000  2.64 0.000 0.16 0.000  0.48 0.000  0.95 0.000  0.94 0.000  0.11 0.000  3.29 0.000
26 27  0.61 0.000 0.03 0.000 0.17 0.000  0.55 0.000 0.23 0.000  2.93 0.000 0.18 0.000  0.61 0.000  0.76 0.000  1.01 0.000  0.36 0.000  3.54 0.000
27 28  0.25 0.000 0.00 0.000 0.07 0.000  0.29 0.000 0.20 0.000  2.15 0.000 0.13 0.000  0.40 0.000  0.66 0.000  0.65 0.000  0.30 0.000  2.39 0.000
28 29  0.20 0.000 -0.02 0.000 0.02 0.000  0.11 0.000 0.08 0.000  0.75 0.000 0.04 0.000  0.16 0.000  0.29 0.000  0.25 0.000  0.00 0.000  0.95 0.000
29 30  0.24 0.000 -0.02 0.000 0.02 0.000  0.16 0.000 0.14 0.000  0.95 0.000 0.09 0.000  0.22 0.000  0.28 0.000  0.31 0.000  0.05 0.000  1.19 0.000
30 31  0.08 0.000 -0.02 0.000 0.00 0.000  0.05 0.000 0.04 0.000  0.53 0.000 0.04 0.000  0.12 0.000  0.19 0.000  0.18 0.000  0.00 0.000  0.61 0.000
31 32  0.22 0.000 -0.01 0.000 0.05 0.000  0.15 0.000 0.07 0.000  1.16 0.000 0.10 0.000  0.23 0.000  0.40 0.000  0.40 0.000  0.03 0.000  1.38 0.000
32 33  0.36 0.000 0.01 0.000 0.10 0.000  0.23 0.000 0.09 0.000  1.58 0.000 0.08 0.000  0.29 0.000  0.58 0.000  0.57 0.000  0.06 0.000  1.94 0.000
33 34  0.61 0.000 0.05 0.000 0.20 0.000  0.42 0.000 0.14 0.000  3.09 0.000 0.17 0.000  0.56 0.000  0.98 0.000  1.19 0.000  0.19 0.000  3.70 0.000
34 35  0.43 0.000 -0.01 0.000 0.08 0.000  0.31 0.000 0.17 0.000  1.41 0.000 0.07 0.000  0.33 0.000  0.36 0.000  0.53 0.000  0.12 0.000  1.84 0.000
35 36  0.80 0.000 0.05 0.000 0.24 0.000  0.62 0.000 0.28 0.000  2.68 0.000 0.21 0.000  0.62 0.000  0.49 0.000  0.97 0.000  0.39 0.000  3.48 0.000
36 37  0.79 0.000 0.07 0.000 0.28 0.000  0.73 0.000 0.27 0.000  3.69 0.000 0.27 0.000  0.81 0.000  0.66 0.000  1.40 0.000  0.56 0.000  4.48 0.000
37 38  0.77 0.000 0.12 0.000 0.41 0.000  0.85 0.000 0.28 0.000  4.13 0.000 0.32 0.000  0.90 0.000  0.65 0.000  1.38 0.000  0.89 0.000  4.91 0.000
38 39  1.02 0.000 0.15 0.000 0.49 0.000  0.88 0.000 0.30 0.000  6.00 0.000 0.43 0.000  1.26 0.000  1.26 0.000  2.26 0.000  0.80 0.000  7.02 0.000
39 40  0.60 0.000 0.15 0.000 0.47 0.000  0.87 0.000 0.37 0.000  5.40 0.000 0.34 0.000  1.04 0.000  1.12 0.000  1.64 0.000  1.26 0.000  6.00 0.000
40 41  0.31 0.000 0.04 0.000 0.15 0.000  0.22 0.000 0.07 0.000  2.04 0.000 0.09 0.000  0.39 0.000  0.71 0.000  0.69 0.000  0.16 0.000  2.35 0.000
41 42  0.08 0.000 -0.01 0.000 0.04 0.000  0.08 0.000 0.03 0.000  0.92 0.000 0.09 0.000  0.18 0.000  0.32 0.000  0.27 0.000  0.06 0.000  1.00 0.000
42 43  0.28 0.000 0.00 0.000 0.07 0.000  0.16 0.000 0.07 0.000  1.30 0.000 0.05 0.000  0.25 0.000  0.53 0.000  0.45 0.000  0.01 0.000  1.59 0.000
43 44  0.41 0.000 0.02 0.000 0.13 0.000  0.28 0.000 0.09 0.000  2.30 0.000 0.14 0.000  0.46 0.000  0.83 0.000  0.77 0.000  0.11 0.000  2.71 0.000
44 45  0.32 0.000 0.01 0.000 0.11 0.000  0.25 0.000 0.11 0.000  2.17 0.000 0.09 0.000  0.37 0.000  0.79 0.000  0.75 0.000  0.17 0.000  2.49 0.000
45 46  0.30 0.000 0.00 0.000 0.06 0.000  0.17 0.000 0.07 0.000  1.19 0.000 0.12 0.000  0.24 0.000  0.40 0.000  0.42 0.000  0.00 0.000  1.49 0.000
46 47  0.79 0.000 0.03 0.000 0.16 0.000  0.47 0.000 0.16 0.000  2.12 0.000 0.09 0.000  0.39 0.000  0.82 0.000  0.79 0.000  0.02 0.000  2.91 0.000
47 48  0.70 0.000 0.05 0.000 0.20 0.000  0.39 0.000 0.15 0.000  3.53 0.000 0.20 0.000  0.63 0.000  1.23 0.000  1.38 0.000  0.08 0.000  4.23 0.000
48 49  1.35 0.000 0.19 0.000 0.55 0.000  0.90 0.000 0.41 0.000  7.71 0.000 0.41 0.000  1.44 0.000  2.22 0.000  2.94 0.000  0.69 0.000  9.06 0.000
49 50  0.97 0.000 0.11 0.000 0.40 0.000  0.88 0.000 0.31 0.000  4.68 0.000 0.37 0.000  0.91 0.000  1.17 0.000  1.50 0.000  0.74 0.000  5.65 0.000
50 51  0.82 0.000 0.04 0.000 0.18 0.000  0.51 0.000 0.13 0.000  2.42 0.000 0.16 0.000  0.56 0.000  0.64 0.000  1.02 0.000  0.05 0.000  3.24 0.000
51 52  1.12 0.000 0.33 0.000 0.76 0.000  0.98 0.000 0.24 0.000  6.46 0.000 0.53 0.000  1.30 0.000  0.89 0.000  2.54 0.000  1.19 0.000  7.58 0.000
52 53  0.98 0.000 0.25 0.000 0.67 0.000  0.88 0.000 0.15 0.000  5.15 0.000 0.39 0.000  1.04 0.000  0.78 0.000  1.97 0.000  0.97 0.000  6.13 0.000
53 54  0.82 0.000 0.10 0.000 0.40 0.000  0.80 0.000 0.23 0.000  3.29 0.000 0.23 0.000  0.64 0.000  0.66 0.000  1.05 0.000  0.71 0.000  4.11 0.000
54 55  1.11 0.000 0.26 0.000 0.72 0.000  0.84 0.000 0.09 0.000  4.47 0.000 0.32 0.000  0.85 0.000  0.79 0.000  1.69 0.000  0.81 0.000  5.58 0.000
55 56  0.60 0.000 0.10 0.000 0.39 0.000  0.66 0.000 0.20 0.000  2.90 0.000 0.24 0.000  0.52 0.000  0.58 0.000  0.82 0.000  0.74 0.000  3.49 0.000
56 57  0.49 0.000 0.04 0.000 0.21 0.000  0.58 0.000 0.20 0.000  2.28 0.000 0.21 0.000  0.39 0.000  0.52 0.000  0.62 0.000  0.54 0.000  2.77 0.000
57 58  0.84 0.000 0.13 0.000 0.43 0.000  0.87 0.000 0.34 0.000  3.87 0.000 0.39 0.000  0.79 0.000  0.65 0.000  1.12 0.000  0.92 0.000  4.71 0.000
58 59  0.97 0.000 0.28 0.000 0.64 0.000  0.75 0.000 0.29 0.000  5.65 0.000 0.39 0.000  1.00 0.000  1.04 0.000  2.23 0.000  0.99 0.000  6.62 0.000
59 60  1.04 0.000 0.35 0.000 0.74 0.000  0.80 0.000 0.27 0.000  6.18 0.000 0.33 0.000  1.09 0.000  1.02 0.000  2.62 0.000  1.12 0.000  7.22 0.000
60 61  0.85 0.000 0.26 0.000 0.52 0.000  0.55 0.000 0.15 0.000  4.23 0.000 0.24 0.000  0.73 0.000  0.89 0.000  1.74 0.000  0.63 0.000  5.08 0.000
61 62  0.43 0.000 0.05 0.000 0.17 0.000  0.20 0.000 0.02 0.000  2.23 0.000 0.10 0.000  0.41 0.000  0.81 0.000  0.91 0.000  0.01 0.000  2.66 0.000
62 63  0.44 0.000 0.03 0.000 0.13 0.000  0.23 0.000 0.03 0.000  2.37 0.000 0.20 0.000  0.43 0.000  0.83 0.000  0.90 0.000  0.00 0.000  2.81 0.000
63 64  0.55 0.000 0.03 0.000 0.14 0.000  0.40 0.000 0.12 0.000  2.06 0.000 0.11 0.000  0.37 0.000  0.71 0.000  0.73 0.000  0.13 0.000  2.61 0.000
64 65  0.32 0.000 0.02 0.000 0.09 0.000  0.17 0.000 0.03 0.000  1.99 0.000 0.08 0.000  0.33 0.000  0.85 0.000  0.73 0.000 -0.01 0.000  2.30 0.000
