ebas_test_data/FR0037I.20171007000000.20190101000000.hvs.ecoc.pm10.4mo.3d.FR18L_DIGITEL_DHA-80_Port_de_Bouc_pm10.FR18L_SUNSET_Port_deBouc.lev2.nas
99 1001
Jaffrezo, Jean Luc; Weber, Samuel; Vella, Anthony
FR18L, Université Grenoble-Alpes-CNRS, IGE, Insitut des Géosciences de l'Environnement, 54 rue Molière, Domaine Universitaire, 38400, Saint-Martin-d'Hères, France
Jaffrezo, Jean Luc
ACTRIS EMEP GAW-WDCA COLOSSAL CAMPAIGN
1 1
2017 10 07 2019 01 01
0
days from file reference point
7
1 1 1 1 1 1 1
9999 99.99 9.999 99.99 9.999 99.99 9.999
end_time of measurement, days from the file reference point
elemental_carbon, ug C/m3, Detection limit=0.01 ug C/m3
numflag elemental_carbon, no unit
organic_carbon, ug C/m3, Detection limit=0.37 ug C/m3
numflag organic_carbon, no unit
total_carbon, ug C/m3
numflag total_carbon, no unit
0
78
Data definition:              EBAS_1.1
Set type code:                TI
Timezone:                     UTC
File name:                    FR0037I.20171007000000.20190101000000.high_vol_sampler.ec_oc_tc.pm10.4mo.3d.FR18L_DIGITEL_DHA-80_Port_de_Bouc_pm10.FR18L_SUNSET_Port_de_Bouc.lev2.nas
Startdate:                    20171007000000
Revision date:                20190101000000
Version:                      1
Version description:          initial revision, manually inspected
Statistics:                   
Data level:                   2
Period code:                  4mo
Resolution code:              3d
Sample duration:              1d
Orig. time res.:              1d
Station code:                 FR0037I
Platform code:                FR0037I
Station name:                 Port de Bouc La Lècque
Station GAW-ID:               
Station land use:             Industrial
Station setting:              Urban and center city
Station WMO region:           6
Station latitude:             43.401952
Station longitude:            4.981919
Station altitude:             3.0 m
Measurement latitude:         
Measurement longitude:        
Measurement altitude:         
Measurement height:           
Regime:                       IMG
Component:                    ec_oc_tc
Unit:                         ug C/m3
Matrix:                       pm10
Laboratory code:              FR18L
Instrument type:              high_vol_sampler
Instrument name:              DIGITEL_DHA-80_Port_de_Bouc_pm10
Instrument manufacturer:      DIGITEL
Instrument model:             DHA-80
Instrument serial number:     
Analytical laboratory code:   FR18L
Analytical measurement technique: thermal-optical_analysis
Analytical instrument name:   SUNSET_Port_de_Bouc
Analytical instrument manufacturer: Sunset Laboratory
Analytical instrument model:  
Analytical instrument serial number: 
Method ref:                   FR18L_SUNSET_Port_de_Bouc
Standard method:              TEMP=EUSAAR_2
Inlet type:                   Impactor--direct
Inlet description:            PM10 size cut-off
Flow rate:                    500 l/min
Filter face velocity:         54.13 cm/s
Exposed filter area:          153.94 cm2
Filter description:           Tissuquartz 2500 QAT-UP 150mm
Medium:                       Quartz
Filter prefiring:             773.15 K, 8.0 h
Filter conditioning:          None
Sample preparation:           None
Blank correction:             Blank corrected
Artifact correction:          None
Charring correction:          By laser transmission
Humidity/temperature control: None
Humidity/temperature control description: filter kept at ambient conditions together with sampling head
Volume std. temperature:      ambient
Volume std. pressure:         ambient
Detection limit expl.:        Determined by taking 3 times standard deviation of ensemble of field blanks for TC and OC, limits given by manufacturer for EC
Measurement uncertainty expl.: Measurement uncertainty as reported by the Sunset instrument
Zero/negative values code:    
Zero/negative values:         
QA1 measure ID:               
QA1 date:                     
QA1 document name:            
QA1 document URL:             
Originator:                   Jaffrezo, Jean Luc, Jean-Luc.Jaffrezo@univ-grenoble-alpes.fr, Laboratoire de Glaciologie et Geophysique de lEnvironnement, LGGE, Laboratoire daerologie, Chimie Atmospherique Neige et Glace, 54 rue Moliere BP 96, F-38402, Saint-Martin dHeres cedex, France
Originator:                   Weber, Samuel,  samuel.weber@univ-grenoble-alpes.fr, Institut des Géosiences de l'Environnement, IGE, Université Grenoble -Alpes CNRS, , 54 rue Molière, 38400, Saint-Martin-d'Hères, France
Originator:                   Vella, Anthony, Anthony.Vella@univ-grenoble-alpes.fr, Institut des Geosciences de l'Environnement, , , Chimie Atmospherique Neige et Glace, 460 rue de la piscine, F-38402, Saint-Martin d'Heres cedex, France
Submitter:                    Jaffrezo, Jean Luc, Jean-Luc.Jaffrezo@univ-grenoble-alpes.fr, Laboratoire de Glaciologie et Geophysique de lEnvironnement, LGGE, Laboratoire daerologie, Chimie Atmospherique Neige et Glace, 54 rue Moliere BP 96, F-38402, Saint-Martin dHeres cedex, France
Acknowledgement:              For using this data for any kind of publications, you must contact the data originator(s), in terms of acknowledgment
Comment:                      
start_time end_time EC	EC_flag OC 	OC_flag TC	TC_flag
0	1	0.57	0.000	2.48	0.000	3.04	0.000
3	4	0.76	0.000	2.62	0.000	3.38	0.000
7	8	0.94	0.000	4.03	0.000	4.97	0.000
12	13	0.51	0.000	2.64	0.000	3.15	0.000
18	19	1.24	0.000	3.39	0.000	4.63	0.000
24	25	1.29	0.000	4.56	0.000	5.84	0.000
30	31	0.35	0.000	2.44	0.000	2.80	0.000
36	37	0.65	0.000	1.56	0.000	2.21	0.000
42	43	0.62	0.000	2.92	0.000	3.54	0.000
45	46	1.99	0.000	5.56	0.000	7.56	0.000
48	49	1.56	0.000	5.15	0.000	6.70	0.000
52	53	2.08	0.000	7.75	0.000	9.83	0.000
54	55	0.48	0.000	2.37	0.000	2.84	0.000
57	58	0.52	0.000	3.00	0.000	3.52	0.000
59	60	1.16	0.000	4.62	0.000	5.78	0.000
60	61	3.49	0.000	11.82	0.000	15.31	0.000
62	63	2.04	0.000	6.20	0.000	8.24	0.000
63	64	0.65	0.000	2.51	0.000	3.16	0.000
75	76	1.14	0.000	4.88	0.000	6.02	0.000
77	78	0.84	0.000	3.05	0.000	3.89	0.000
78	79	2.07	0.000	8.29	0.000	10.35	0.000
81	82	0.92	0.000	1.35	0.000	2.27	0.000
83	84	1.63	0.000	5.67	0.000	7.30	0.000
84	85	2.13	0.000	5.78	0.000	7.91	0.000
99	100	0.71	0.000	2.81	0.000	3.52	0.000
102	103	0.53	0.000	0.95	0.000	1.48	0.000
104	105	0.99	0.000	2.30	0.000	3.29	0.000
105	106	0.73	0.000	1.56	0.000	2.30	0.000
108	109	1.59	0.000	4.90	0.000	6.49	0.000
111	112	0.90	0.000	2.86	0.000	3.76	0.000
117	118	1.38	0.000	5.56	0.000	6.94	0.000
123	124	0.53	0.000	2.29	0.000	2.82	0.000
126	127	0.37	0.000	1.43	0.000	1.80	0.000
127	128	0.56	0.000	2.26	0.000	2.82	0.000
129	130	1.09	0.000	4.22	0.000	5.30	0.000
133	134	0.92	0.000	4.03	0.000	4.95	0.000
135	136	0.72	0.000	3.52	0.000	4.24	0.000
