ebas_test_data/FR0038U.20171002000000.20190101000000.high_vol_sampler.levoglucosan.pm10.6mo.3d.FR18L_DIGITEL_DHA-80_Grenoble_pm10..lev2.nas
99 1001
Jaffrezo, Jean Luc; Weber, Samuel; Vella, Anthony
FR18L, Université Grenoble-Alpes-CNRS, IGE, Insitut des Géosciences de l'Environnement, 54 rue Molière, Domaine Universitaire, 38400, Saint-Martin-d'Hères, France
Jaffrezo, Jean Luc
ACTRIS EMEP GAW-WDCA COLOSSAL CAMPAIGN
1 1
2017 10 02 2019 01 01
0
days from file reference point
7
1 1 1 1 1 1 1
9999 9999.99 9.999 999.99 9.999 99.99 9.999
end_time of measurement, days from the file reference point
levoglucosan, ng/m3, Detection limit=0.60 ng/m3
numflag levoglucosan, no unit
mannosan, ng/m3, Detection limit=0.75 ng/m3
numflag mannosan, no unit
galactosan, ng/m3, Detection limit=0.29 ng/m3
numflag galactosan, no unit
0
78
Data definition:              EBAS_1.1
Set type code:                TI
Timezone:                     UTC
File name:                    FR0038U.20171002000000.20190101000000.high_vol_sampler.levoglucosan.pm10.6mo.3d.FR18L_DIGITEL_DHA-80_Grenoble_pm10..lev2.nas
Startdate:                    20171002000000
Revision date:                20190101000000
Version:                      1
Version description:          initial revision, manually inspected
Statistics:                   
Data level:                   2
Period code:                  6mo
Resolution code:              3d
Sample duration:              1d
Orig. time res.:              1d
Station code:                 FR0038U
Platform code:                FR0038S
Station name:                 Grenoble Frenes
Station GAW-ID:               
Station land use:             Urban park
Station setting:              Urban and center city
Station WMO region:           6
Station latitude:             45.161890
Station longitude:            5.735600
Station altitude:             214.0 m
Measurement latitude:         
Measurement longitude:        
Measurement altitude:         
Measurement height:           
Regime:                       IMG
Component:                    levoglucosan
Unit:                         ng/m3
Matrix:                       pm10
Laboratory code:              FR18L
Instrument type:              high_vol_sampler
Instrument name:              DIGITEL_DHA-80_Grenoble_pm10
Instrument manufacturer:      DIGITEL
Instrument model:             DHA-80
Instrument serial number:     
Analytical laboratory code:   FR18L
Analytical measurement technique: IC-PAD
Analytical instrument name:   
Analytical instrument manufacturer: 
Analytical instrument model:  
Analytical instrument serial number: 
Method ref:                   
Standard method:              
Inlet type:                   Impactor--direct
Inlet description:            PM10 size cut-off
Flow rate:                    500 l/min
Filter face velocity:         54.13 cm/s
Exposed filter area:          153.94 cm2
Filter description:           Tissuquartz 2500 QAT-UP 150mm
Medium:                       Quartz
Filter prefiring:             773.15 K, 8.0 h
Filter conditioning:          None
Sample preparation:           None
Blank correction:             Blank corrected
Artifact correction:          None
Charring correction:          
Humidity/temperature control: None
Humidity/temperature control description: filter kept at ambient conditions together with sampling head
Volume std. temperature:      ambient
Volume std. pressure:         ambient
Detection limit expl.:        
Measurement uncertainty expl.: 
Zero/negative values code:    
Zero/negative values:         
QA1 measure ID:               
QA1 date:                     
QA1 document name:            
QA1 document URL:             
Originator:                   Jaffrezo, Jean Luc, Jean-Luc.Jaffrezo@univ-grenoble-alpes.fr, Laboratoire de Glaciologie et Geophysique de lEnvironnement, LGGE, Laboratoire daerologie, Chimie Atmospherique Neige et Glace, 54 rue Moliere BP 96, F-38402, Saint-Martin dHeres cedex, France
Originator:                   Weber, Samuel,  samuel.weber@univ-grenoble-alpes.fr, Institut des Géosiences de l'Environnement, IGE, Université Grenoble -Alpes CNRS, ,54 rue Molière, 38400, Saint-Martin-d'Hères, France
Originator:                   Vella, Anthony, Anthony.Vella@univ-grenoble-alpes.fr, Institut des Geosciences de l'Environnement, , , Chimie Atmospherique Neige et Glace, 460 rue de la piscine, F-38402, Saint-Martin d'Heres cedex, France
Submitter:                    Jaffrezo, Jean Luc, Jean-Luc.Jaffrezo@univ-grenoble-alpes.fr, Laboratoire de Glaciologie et Geophysique de lEnvironnement, LGGE, Laboratoire daerologie, Chimie Atmospherique Neige et Glace, 54 rue Moliere BP 96, F-38402, Saint-Martin dHeres cedex, France
Acknowledgement:              For using this data for any kind of publications, you must contact the data originator(s), in terms of acknowledgment
Comment:                      
start_time end_time Levo Levo_flag Mannosan	Manno_flag Galactosan	Galacto_flag
0	1	130.52	0.000	11.90	0.000	1.60	0.000
3	4	71.89	0.000	8.11	0.000	1.16	0.000
6	7	140.17	0.000	15.62	0.000	3.35	0.000
9	10	179.70	0.000	17.35	0.000	3.06	0.000
12	13	160.81	0.000	17.67	0.000	3.71	0.000
15	16	144.56	0.000	13.57	0.000	3.06	0.000
18	19	314.77	0.000	31.67	0.000	6.87	0.000
21	22	116.20	0.000	15.64	0.000	3.13	0.000
24	25	404.89	0.000	35.62	0.000	7.66	0.000
27	28	170.50	0.000	16.37	0.000	4.38	0.000
30	31	932.00	0.000	104.09	0.000	28.19	0.000
33	34	978.65	0.000	95.05	0.000	26.62	0.000
36	37	314.97	0.000	28.80	0.000	9.60	0.000
39	40	513.54	0.000	46.83	0.000	16.31	0.000
42	43	58.52	0.000	6.49	0.000	1.70	0.000
45	46	727.80	0.000	96.15	0.000	33.47	0.000
48	49	576.92	0.000	76.86	0.000	26.23	0.000
51	52	1398.26 0.000	162.96	0.000	52.74	0.000
53	54	1081.57 0.000	127.36	0.000	38.53	0.000
54	55	136.17	0.000	15.94	0.000	4.23	0.000
56	57	623.40	0.000	71.72	0.000	28.09	0.000
57	58	1029.45 0.000	126.38	0.000	43.79	0.000
60	61	224.88	0.000	22.88	0.000	8.21	0.000
62	63	353.43	0.000	45.12	0.000	16.09	0.000
63	64	1069.48 0.000	126.42	0.000	55.46	0.000
66	67	1322.63 0.000	165.67	0.000	58.18	0.000
73	74	109.09	0.000	14.55	0.000	3.82	0.000
76	77	249.80	0.000	29.65	0.000	10.73	0.000
81	82	1616.34 0.000	204.17	0.000	73.83	0.000
84	85	1369.99 0.000	166.85	0.000	68.57	0.000
87	88	192.31	0.000	22.06	0.000	7.85	0.000
89	90	967.91	0.000	112.03	0.000	41.97	0.000
93	94	361.99	0.000	41.06	0.000	13.78	0.000
96	97	797.52	0.000	87.92	0.000	30.30	0.000
99	100	203.53	0.000	23.88	0.000	7.76	0.000
102	103	572.36	0.000	67.11	0.000	23.49	0.000
105	106	634.79	0.000	78.71	0.000	27.94	0.000
108	109	658.90	0.000	78.36	0.000	26.47	0.000
111	112	982.85	0.000	114.03	0.000	50.44	0.000
115	116	638.78	0.000	76.36	0.000	24.11	0.000
118	119	457.58	0.000	52.15	0.000	19.79	0.000
120	121	646.05	0.000	78.18	0.000	27.42	0.000
123	124	425.56	0.000	47.76	0.000	16.94	0.000
126	127	905.56	0.000	103.55	0.000	37.27	0.000
129	130	496.00	0.000	52.04	0.000	19.54	0.000
132	133	487.05	0.000	54.38	0.000	21.46	0.000
135	136	704.77	0.000	75.70	0.000	28.97	0.000
138	139	665.65	0.000	81.11	0.000	28.16	0.000
141	142	421.98	0.000	71.25	0.000	24.44	0.000
144	145	478.99	0.000	54.09	0.000	21.61	0.000
147	148	177.92	0.000	31.61	0.000	9.38	0.000
150	151	591.82	0.000	76.70	0.000	29.18	0.000
153	154	692.90	0.000	73.65	0.000	26.21	0.000
156	157	177.19	0.000	19.33	0.000	6.29	0.000
159	160	96.36	0.000	12.55	0.000	3.17	0.000
162	163	307.80	0.000	30.97	0.000	11.17	0.000
165	166	328.29	0.000	29.37	0.000	11.12	0.000
168	169	143.60	0.000	13.87	0.000	5.12	0.000
171	172	219.48	0.000	22.82	0.000	8.27	0.000
174	175	243.20	0.000	22.60	0.000	8.53	0.000
177	178	192.98	0.000	18.19	0.000	6.21	0.000
