ebas_test_data/FR0039U.20171102000000.20190101000000.high_vol_sampler.levoglucosan.pm10.5mo.36h.FR18L_DIGITEL_DHA-80_Passy_pm10..lev2.nas
99 1001
Jaffrezo, Jean Luc; Weber, Samuel; Vella, Anthony
FR18L, Université Grenoble-Alpes-CNRS, IGE, Insitut des Géosciences de l'Environnement, 54 rue Molière, Domaine Universitaire, 38400, Saint-Martin-d'Hères, France
Jaffrezo, Jean Luc
ACTRIS EMEP GAW-WDCA COLOSSAL CAMPAIGN
1 1
2017 11 02 2019 01 01
0
days from file reference point
7
1 1 1 1 1 1 1
9999 9999.99 9.999 999.99 9.999 999.99 9.999
end_time of measurement, days from the file reference point
levoglucosan, ng/m3, Detection limit=0.71 ng/m3
numflag levoglucosan, no unit
mannosan, ng/m3, Detection limit=0.89 ng/m3
numflag mannosan, no unit
galactosan, ng/m3, Detection limit=0.35 ng/m3
numflag galactosan, no unit
0
78
Data definition:              EBAS_1.1
Set type code:                TI
Timezone:                     UTC
File name:                    FR0039U.20171102000000.20190101000000.high_vol_sampler.levoglucosan.pm10.5mo.36h.FR18L_DIGITEL_DHA-80_Passy_pm10..lev2.nas
Startdate:                    20171102000000
Revision date:                20190101000000
Version:                      1
Version description:          initial revision, manually inspected
Statistics:                   
Data level:                   2
Period code:                  5mo
Resolution code:              36h
Sample duration:              1d
Orig. time res.:              1d
Station code:                 FR0039U
Platform code:                FR0039S
Station name:                 Passy
Station GAW-ID:               
Station land use:             Urban park
Station setting:              Urban and center city
Station WMO region:           6
Station latitude:             45.922514
Station longitude:            6.713925
Station altitude:             588.0 m
Measurement latitude:         
Measurement longitude:        
Measurement altitude:         
Measurement height:           
Regime:                       IMG
Component:                    levoglucosan
Unit:                         ng/m3
Matrix:                       pm10
Laboratory code:              FR18L
Instrument type:              high_vol_sampler
Instrument name:              DIGITEL_DHA-80_Passy_pm10
Instrument manufacturer:      DIGITEL
Instrument model:             DHA-80
Instrument serial number:     
Analytical laboratory code:   FR18L
Analytical measurement technique: IC-PAD
Analytical instrument name:   
Analytical instrument manufacturer: 
Analytical instrument model:  
Analytical instrument serial number: 
Method ref:                   
Standard method:              
Inlet type:                   Impactor--direct
Inlet description:            PM10 size cut-off
Flow rate:                    500 l/min
Filter face velocity:         54.13 cm/s
Exposed filter area:          153.94 cm2
Filter description:           Tissuquartz 2500 QAT-UP 150mm
Medium:                       Quartz
Filter prefiring:             773.15 K, 8.0 h
Filter conditioning:          None
Sample preparation:           None
Blank correction:             Blank corrected
Artifact correction:          None
Charring correction:          
Humidity/temperature control: None
Humidity/temperature control description: filter kept at ambient conditions together with sampling head
Volume std. temperature:      ambient
Volume std. pressure:         ambient
Detection limit expl.:        
Measurement uncertainty expl.: 
Zero/negative values code:    
Zero/negative values:         
QA1 measure ID:               
QA1 date:                     
QA1 document name:            
QA1 document URL:             
Originator:                   Jaffrezo, Jean Luc, Jean-Luc.Jaffrezo@univ-grenoble-alpes.fr, Laboratoire de Glaciologie et Geophysique de lEnvironnement, LGGE, Laboratoire daerologie, Chimie Atmospherique Neige et Glace, 54 rue Moliere BP 96, F-38402, Saint-Martin dHeres cedex, France
Originator:                   Weber, Samuel,  samuel.weber@univ-grenoble-alpes.fr, Institut des Géosiences de l'Environnement, IGE, Université Grenoble -Alpes CNRS, ,54 rue Molière, 38400, Saint-Martin-d'Hères, France
Originator:                   Vella, Anthony, Anthony.Vella@univ-grenoble-alpes.fr, Institut des Geosciences de l'Environnement, , , Chimie Atmospherique Neige et Glace, 460 rue de la piscine, F-38402, Saint-Martin d'Heres cedex, France
Submitter:                    Jaffrezo, Jean Luc, Jean-Luc.Jaffrezo@univ-grenoble-alpes.fr, Laboratoire de Glaciologie et Geophysique de lEnvironnement, LGGE, Laboratoire daerologie, Chimie Atmospherique Neige et Glace, 54 rue Moliere BP 96, F-38402, Saint-Martin dHeres cedex, France
Acknowledgement:              For using this data for any kind of publications, you must contact the data originator(s), in terms of acknowledgment
Comment:                      
start_time end_time Levo Levo_flag Mannosan	Manno_flag Galactosan	Galacto_flag
0	1	2136.49	0.000	317.08	0.000	96.46	0.000
1	2	1661.80	0.000	257.33	0.000	60.16	0.000
3	4	1347.27	0.000	181.92	0.000	55.25	0.000
4	5	1188.39	0.000	124.90	0.000	44.78	0.000
6	7	891.88		0.000	140.34	0.000	47.88	0.000
7	8	966.41		0.000	129.06	0.000	57.43	0.000
9	10	1367.75	0.000	202.18	0.000	72.88	0.000
10	11	632.61		0.000	92.98	0.000	33.18	0.000
12	13	1637.08	0.000	201.94	0.000	82.88	0.000
13	14	2112.15	0.000	331.01	0.000	129.26	0.000
19	20	1343.88	0.000	197.72	0.000	65.97	0.000
21	22	731.75		0.000	94.90	0.000	33.22	0.000
22	23	1121.23	0.000	167.12	0.000	54.50	0.000
24	25	1006.61	0.000	150.72	0.000	63.80	0.000
25	26	1255.05	0.000	189.95	0.000	69.32	0.000
27	28	700.08		0.000	100.51	0.000	37.38	0.000
28	29	1037.72	0.000	141.43	0.000	55.66	0.000
30	31	1020.91	0.000	145.53	0.000	57.41	0.000
31	32	1329.06	0.000	204.21	0.000	79.38	0.000
33	34	3154.93	0.000	463.11	0.000	174.93	0.000
34	35	2013.15	0.000	294.42	0.000	128.76	0.000
36	37	2733.93	0.000	417.59	0.000	160.94	0.000
37	38	797.25		0.000	105.65	0.000	45.77	0.000
39	40	1060.15	0.000	155.02	0.000	62.07	0.000
40	41	630.07		0.000	88.73	0.000	32.90	0.000
42	43	1501.38	0.000	232.92	0.000	86.42	0.000
43	44	818.48		0.000	94.93	0.000	41.80	0.000
45	46	620.15		0.000	87.33	0.000	33.38	0.000
46	47	1652.12	0.000	241.47	0.000	96.54	0.000
48	49	2501.06	0.000	377.71	0.000	147.18	0.000
49	50	2877.23	0.000	440.33	0.000	175.71	0.000
51	52	2485.70	0.000	386.41	0.000	150.27	0.000
52	53	1418.38	0.000	217.99	0.000	80.23	0.000
54	55	1743.50	0.000	273.70	0.000	106.51	0.000
55	56	942.78		0.000	138.41	0.000	53.00	0.000
57	58	1140.75	0.000	149.89	0.000	65.79	0.000
58	59	2322.60	0.000	336.33	0.000	138.61	0.000
60	61	1283.55	0.000	150.78	0.000	63.97	0.000
61	62	635.64		0.000	80.14	0.000	33.01	0.000
63	64	2419.46	0.000	260.63	0.000	98.17	0.000
64	65	1311.12	0.000	136.34	0.000	51.65	0.000
66	67	2652.25	0.000	347.35	0.000	141.49	0.000
67	68	2305.57	0.000	246.59	0.000	96.48	0.000
69	70	2036.21	0.000	202.92	0.000	74.60	0.000
70	71	2723.44	0.000	302.41	0.000	110.64	0.000
72	73	2485.50	0.000	307.65	0.000	137.39	0.000
73	74	2439.71	0.000	338.15	0.000	129.42	0.000
75	76	1429.24	0.000	147.79	0.000	56.26	0.000
78	79	1160.22	0.000	105.29	0.000	47.50	0.000
79	80	2455.32	0.000	236.75	0.000	103.88	0.000
81	82	1896.74	0.000	213.17	0.000	76.63	0.000
82	83	1310.39	0.000	129.82	0.000	46.32	0.000
84	85	1661.92	0.000	157.63	0.000	58.01	0.000
85	86	1205.34	0.000	107.86	0.000	41.31	0.000
87	88	2776.36	0.000	281.97	0.000	107.75	0.000
88	89	3046.89	0.000	409.02	0.000	162.87	0.000
90	91	2002.15	0.000	187.61	0.000	68.89	0.000
91	92	1498.75	0.000	135.39	0.000	57.99	0.000
93	94	725.57		0.000	89.58	0.000	28.92	0.000
94	95	1785.85	0.000	220.65	0.000	89.77	0.000
96	97	2820.07	0.000	376.19	0.000	158.84	0.000
97	98	1923.75	0.000	201.33	0.000	86.33	0.000
99	100	1886.38	0.000	204.23	0.000	77.30	0.000
100	101	1760.40	0.000	201.99	0.000	71.79	0.000
102	103	749.41		0.000	68.56	0.000	26.78	0.000
103	104	1222.49	0.000	115.74	0.000	49.31	0.000
105	106	2563.44	0.000	259.43	0.000	98.93	0.000
106	107	1631.30	0.000	169.30	0.000	60.52	0.000
108	109	875.24		0.000	90.72	0.000	37.07	0.000
109	110	1046.97	0.000	109.48	0.000	39.45	0.000
111	112	457.27		0.000	56.94	0.000	20.96	0.000
112	113	655.48		0.000	81.87	0.000	31.46	0.000
114	115	851.65		0.000	78.07	0.000	26.19	0.000
115	116	656.98		0.000	83.75	0.000	29.94	0.000
117	118	705.72		0.000	78.04	0.000	30.15	0.000
118	119	440.33		0.000	40.39	0.000	17.31	0.000
120	121	1794.38	0.000	216.26	0.000	89.38	0.000
121	122	2902.44	0.000	386.30	0.000	161.89	0.000
123	124	2276.05	0.000	259.82	0.000	126.50	0.000
124	125	2256.87	0.000	268.34	0.000	115.24	0.000
126	127	993.36		0.000	94.68	0.000	39.69	0.000
127	128	790.85		0.000	71.00	0.000	25.04	0.000
129	130	990.49		0.000	83.55	0.000	31.56	0.000
130	131	1070.91	0.000	98.47	0.000	36.23	0.000
132	133	817.13		0.000	68.22	0.000	30.44	0.000
133	134	754.87		0.000	69.80	0.000	26.39	0.000
135	136	1133.82	0.000	106.13	0.000	42.87	0.000
136	137	918.69		0.000	94.15	0.000	36.29	0.000
138	139	1251.41	0.000	110.50	0.000	45.30	0.000
139	140	1194.17	0.000	101.80	0.000	37.71	0.000
141	142	1210.08	0.000	99.59	0.000	45.08	0.000
142	143	858.15		0.000	77.72	0.000	26.56	0.000
144	145	435.62		0.000	39.38	0.000	17.04	0.000
145	146	850.86		0.000	66.96	0.000	32.45	0.000
147	148	1486.26	0.000	97.64	0.000	55.32	0.000
148	149	939.66		0.000	81.27	0.000	34.99	0.000
150	151	462.13		0.000	47.16	0.000	16.78	0.000
151	152	596.64		0.000	55.92	0.000	17.50	0.000
