ebas_test_data/FR0009R.20171201090000.20180725090000.high_vol_sampler.ocec.pm25.13w.2d.FR07L_Digitel_DA80.FR12L_sunset_EUSAAR2.lev2.nas
95  1001																									
Sauvage, Stephane																									
FR07L, Mines Douai, , , 941 rue Charles Bourseul, , F-59508, Douai, France																									
Bourin, Aude																									
EMEP COLOSSAL CAMPAIGN 																									
1 1																									
2017 12 01   2018 07 25																									
2																									
Days from the file reference point 																									
25	 																								
1 1 1 1 1 1 1 1 1 1 1 1 1 1 1 1 1 1 1 1 1 1 1 1 1																									
999 9.999 9.999999999 9.999 9.999999999 9.999 9.999999999 9.999 9.999999999 9.999 9.999999999 9.999 9.999999999 999.999 9.999999999 9.999 9.999999999 9.999 9.999999999 9.999 9.999999999 9.999 9.999999999 9.999 9.999999999 																									
end_time, days from the file reference point																									
total_carbon, ug C/m3, Detection limit= 0.233 ug C/m3																									
numflag total_carbon, no unit																									
total_carbon, ug C/m3, Statistics=uncertainty																									
numflag total_carbon, no unit, Statistics=uncertainty																									
organic_carbon, ug C/m3, Detection limit= 0.233 ug C/m3																									
numflag organic_carbon, no unit																									
organic_carbon, ug C/m3, Statistics=uncertainty																									
numflag organic_carbon, no unit, Statistics=uncertainty																									
elemental_carbon, ug C/m3, Detection limit= 0.043 ug C/m3																									
numflag elemental_carbon, no unit																									
elemental_carbon, ug C/m3, Statistics=uncertainty																									
numflag elemental_carbon, no unit, Statistics=uncertainty																									
levoglucosan, ng/m3, Detection limit= 0.001 ng/m3																									
numflag levoglucosan, no unit																									
organic_carbon, ug C/m3, Fraction=OC1																									
numflag organic_carbon, no unit, Fraction=OC1																									
organic_carbon, ug C/m3, Fraction=OC2																									
numflag organic_carbon, no unit, Fraction=OC2																									
organic_carbon, ug C/m3, Fraction=OC3																									
numflag organic_carbon, no unit, Fraction=OC3																									
organic_carbon, ug C/m3, Fraction=OC4																									
numflag organic_carbon, no unit, Fraction=OC4																									
organic_carbon, ug C/m3, Fraction=OCPyr																									
numflag organic_carbon, no unit, Fraction=OCPyr																									
0																									
56																									
Data definition: EBAS_1.1																									
Set type code: TU																									
Regime: IMG																									
Timezone: UTC																									
Startdate: 20171201090000																									
Timeref: 09_00																									
Revision date: 20180725090000																									
Version: 1																									
Version description: initial revision, manually inspected																									
Data level: 2																									
Component: ocec																									
Unit: ug C/m3																									
Matrix: pm25																									
Period code: 13w																									
Resolution code: 2d																									
Sample duration: 1d																									
Station code: FR0009R																									
Platform code: FR0009R																									
Station land use: Forest																									
Station name: Revin																									
Station setting: Rural																									
Station latitude: 49.90																									
Station longitude: 4.63																									
Station altitude:390m																									
Measurement height: 3m																									
Method ref: FR12L_sunset_EUSAAR2																									
Analytical laboratory code: FR12L																									
Analytical measurement technique: thermal-optical_analysis																									
Analytical instrument manufacturer: Sunset Laboratory																									
Analytical instrument model: OCEC Lab Instrument Model 5																									
Analytical instrument name: Inst275-73																									
Charring correction: By laser transmission																									
Standard method: SOP=EMEP_manual_v2014, TEMP=EUSAAR_2																									
Laboratory code: FR07L																									
Inlet type: Impactor--direct																									
Inlet description: DIGITEL DPM2,5/30/00 pre-separator constructed as a 1-stage impactor																									
Flow rate: 500 l/min																									
Filter face velocity: 54.13 cm/s																									
Exposed filter area: 153.94 cm2																									
Volume std. temperature: ambient																									
Volume std. pressure: ambient 																									
Medium: Quartz																									
Filter description: 2500 QAT-UP diameter 150mm																									
Filter prefiring: 773.15K, 24h																									
Filter conditioning: None																									
Blank correction: Not blank corrected																									
Artifact correction: None																									
Artifact correction description:																									
Instrument type: high_vol_sampler																									
Instrument name: Digitel_DA80																									
Measurement uncertainty expl.: Measurement uncertainty calculation done by following the example proposed by J.P. Putaud																									
Detection limit expl.: "for TC and OC Quantification limit 3 times the method detection limit using 7 filter from same batch; for EC and LevoglucosanDetection limit assumed to be analytical dectection limit"																																																	
Originator: Sauvage, Stephane, stephane.sauvage@mines-douai.fr, Ecole des Mines de Douai, EMD, SAGE Department, 941 rue Charles Bourseul,, F-59508, Douai, France																									
Submitter: Bourin, Aude, aude.bourin@mines-douai.fr, Ecole des Mines de Douai, EMD, SAGE Department, 941 rue Charles Bourseul,, F-59508, Douai, France																									
File name: FR0009R.20171201090000.20180725090000.high_vol_sampler.ocec.pm25.13w.2d.FR07L_Digitel_DA80.FR12L_sunset_EUSAAR2.lev2.nas																									
start_time end_time TC TC_flag TC_unc TC_unc_flag OC OC_flag OC_unc OC_unc_flag EC EC_flag EC_unc EC_unc_flag Levoglucosan Levoglucosan_flag OC_peak1 OC_peak1_flag OC_peak2 OC_peak2_flag OC_peak3 OC_peak3_flag OC_peak4 OC_peak4_flag OC_Pyr OC_Pyr_flag																									
0	1	2.349	0.000000000	0.587	0.000000000	2.100	0.000000000	0.579	0.000000000	0.249	0.000000000	0.022	0.000000000	166.068	0.000000000	0.369	0.000000000	0.429	0.000000000	0.195	0.000000000	0.623	0.000000000	0.485	0.000000000
2	3	2.707	0.000000000	0.604	0.000000000	2.336	0.000000000	0.591	0.000000000	0.371	0.000000000	0.033	0.000000000	406.163	0.000000000	0.367	0.000000000	0.503	0.000000000	0.487	0.000000000	0.787	0.000000000	0.192	0.000000000
4	5	2.667	0.000000000	0.598	0.000000000	2.220	0.000000000	0.583	0.000000000	0.447	0.000000000	0.040	0.000000000	327.601	0.000000000	0.262	0.000000000	0.497	0.000000000	0.505	0.000000000	0.774	0.000000000	0.183	0.000000000
6	7	1.352	0.000000000	0.557	0.000000000	1.191	0.000000000	0.554	0.000000000	0.161	0.000000000	0.015	0.000000000	103.720	0.000000000	0.205	0.000000000	0.245	0.000000000	0.298	0.000000000	0.389	0.000000000	0.055	0.000000000
8	9	1.646	0.000000000	0.564	0.000000000	1.433	0.000000000	0.559	0.000000000	0.213	0.000000000	0.019	0.000000000	135.763	0.000000000	0.237	0.000000000	0.298	0.000000000	0.353	0.000000000	0.502	0.000000000	0.042	0.000000000
10	11	0.851	0.000000000	0.543	0.000000000	0.740	0.000000000	0.542	0.000000000	0.111	0.000000000	0.010	0.000000000	58.604	0.000000000	0.133	0.000000000	0.162	0.000000000	0.143	0.000000000	0.223	0.000000000	0.079	0.000000000
12	13	0.694	0.000000000	0.542	0.000000000	0.627	0.000000000	0.541	0.000000000	0.067	0.000000000	0.006	0.000000000	41.156	0.000000000	0.122	0.000000000	0.192	0.000000000	0.167	0.000000000	0.142	0.000000000	0.003	0.000000000
14	15	1.546	0.000000000	0.560	0.000000000	1.328	0.000000000	0.555	0.000000000	0.218	0.000000000	0.020	0.000000000	95.908	0.000000000	0.263	0.000000000	0.314	0.000000000	0.216	0.000000000	0.397	0.000000000	0.139	0.000000000
16	17	1.447	0.000000000	0.563	0.000000000	1.292	0.000000000	0.560	0.000000000	0.155	0.000000000	0.014	0.000000000	115.067	0.000000000	0.230	0.000000000	0.267	0.000000000	0.232	0.000000000	0.420	0.000000000	0.144	0.000000000
18	19	1.811	0.000000000	0.571	0.000000000	1.535	0.000000000	0.565	0.000000000	0.276	0.000000000	0.025	0.000000000	114.009	0.000000000	0.239	0.000000000	0.347	0.000000000	0.327	0.000000000	0.520	0.000000000	0.102	0.000000000
20	21	0.886	0.000000000	0.550	0.000000000	0.740	0.000000000	0.548	0.000000000	0.146	0.000000000	0.013	0.000000000	41.987	0.000000000	0.161	0.000000000	0.202	0.000000000	0.177	0.000000000	0.199	0.000000000	0.000	0.000000000
22	23	0.932	0.000000000	0.551	0.000000000	0.798	0.000000000	0.549	0.000000000	0.134	0.000000000	0.012	0.000000000	69.176	0.000000000	0.154	0.000000000	0.204	0.000000000	0.165	0.000000000	0.217	0.000000000	0.058	0.000000000
24	25	0.989	0.000000000	0.550	0.000000000	0.890	0.000000000	0.548	0.000000000	0.098	0.000000000	0.009	0.000000000	85.291	0.000000000	0.135	0.000000000	0.203	0.000000000	0.196	0.000000000	0.241	0.000000000	0.116	0.000000000
26	27	0.823	0.000000000	0.544	0.000000000	0.733	0.000000000	0.543	0.000000000	0.091	0.000000000	0.008	0.000000000	55.324	0.000000000	0.136	0.000000000	0.176	0.000000000	0.192	0.000000000	0.228	0.000000000	0.000	0.000000000
28	29	0.942	0.000000000	0.548	0.000000000	0.840	0.000000000	0.547	0.000000000	0.102	0.000000000	0.009	0.000000000	76.328	0.000000000	0.142	0.000000000	0.202	0.000000000	0.246	0.000000000	0.251	0.000000000	0.000	0.000000000
30	31	0.728	0.000000000	0.540	0.000000000	0.672	0.000000000	0.539	0.000000000	0.055	0.000000000	0.005	0.000000000	43.358	0.000000000	0.118	0.000000000	0.181	0.000000000	0.187	0.000000000	0.166	0.000000000	0.021	0.000000000
32	33	0.812	0.000000000	0.543	0.000000000	0.730	0.000000000	0.542	0.000000000	0.082	0.000000000	0.007	0.000000000	47.846	0.000000000	0.126	0.000000000	0.207	0.000000000	0.154	0.000000000	0.153	0.000000000	0.091	0.000000000
34	35	0.583	0.000000000	0.538	0.000000000	0.557	0.000000000	0.538	0.000000000	0.043	0.781000000	0.004	0.781000000	24.791	0.000000000	0.084	0.000000000	0.181	0.000000000	0.149	0.000000000	0.106	0.000000000	0.038	0.000000000
36	37	2.505	0.000000000	0.587	0.000000000	2.242	0.000000000	0.578	0.000000000	0.263	0.000000000	0.024	0.000000000	220.353	0.000000000	0.333	0.000000000	0.440	0.000000000	0.301	0.000000000	0.529	0.000000000	0.640	0.000000000
38	39	3.167	0.000000000	0.614	0.000000000	2.880	0.000000000	0.602	0.000000000	0.287	0.000000000	0.026	0.000000000	183.226	0.000000000	0.339	0.000000000	0.475	0.000000000	0.304	0.000000000	0.509	0.000000000	1.253	0.000000000
40	41	1.409	0.000000000	0.556	0.000000000	1.215	0.000000000	0.552	0.000000000	0.194	0.000000000	0.018	0.000000000	96.587	0.000000000	0.168	0.000000000	0.300	0.000000000	0.289	0.000000000	0.339	0.000000000	0.119	0.000000000
42	43	2.941	0.000000000	0.608	0.000000000	2.657	0.000000000	0.597	0.000000000	0.284	0.000000000	0.026	0.000000000	232.321	0.000000000	0.379	0.000000000	0.527	0.000000000	0.319	0.000000000	0.483	0.000000000	0.949	0.000000000
44	45	4.174	0.000000000	0.663	0.000000000	3.888	0.000000000	0.649	0.000000000	0.286	0.000000000	0.026	0.000000000	259.559	0.000000000	0.479	0.000000000	0.707	0.000000000	0.491	0.000000000	0.769	0.000000000	1.443	0.000000000
46	47	0.471	0.000000000	0.542	0.000000000	0.442	0.000000000	0.542	0.000000000	0.043	0.781000000	0.004	0.781000000	22.365	0.000000000	0.086	0.000000000	0.130	0.000000000	0.099	0.000000000	0.085	0.000000000	0.041	0.000000000
48	49	0.805	0.000000000	0.545	0.000000000	0.739	0.000000000	0.544	0.000000000	0.066	0.000000000	0.006	0.000000000	29.155	0.000000000	0.130	0.000000000	0.194	0.000000000	0.188	0.000000000	0.183	0.000000000	0.043	0.000000000
50	51	1.154	0.000000000	0.554	0.000000000	0.996	0.000000000	0.551	0.000000000	0.158	0.000000000	0.014	0.000000000	67.792	0.000000000	0.198	0.000000000	0.208	0.000000000	0.158	0.000000000	0.208	0.000000000	0.224	0.000000000
52	53	1.416	0.000000000	0.557	0.000000000	1.191	0.000000000	0.553	0.000000000	0.226	0.000000000	0.020	0.000000000	92.342	0.000000000	0.178	0.000000000	0.251	0.000000000	0.244	0.000000000	0.292	0.000000000	0.226	0.000000000
54	55	0.983	0.000000000	0.546	0.000000000	0.921	0.000000000	0.545	0.000000000	0.062	0.000000000	0.006	0.000000000	49.550	0.000000000	0.129	0.000000000	0.241	0.000000000	0.205	0.000000000	0.199	0.000000000	0.147	0.000000000
56	57	1.747	0.000000000	0.568	0.000000000	1.512	0.000000000	0.563	0.000000000	0.235	0.000000000	0.021	0.000000000	142.483	0.000000000	0.206	0.000000000	0.310	0.000000000	0.333	0.000000000	0.391	0.000000000	0.273	0.000000000
58	59	0.822	0.000000000	0.550	0.000000000	0.725	0.000000000	0.549	0.000000000	0.098	0.000000000	0.009	0.000000000	55.345	0.000000000	0.105	0.000000000	0.178	0.000000000	0.123	0.000000000	0.141	0.000000000	0.178	0.000000000
60	61	2.300	0.000000000	0.580	0.000000000	1.992	0.000000000	0.571	0.000000000	0.308	0.000000000	0.028	0.000000000	113.395	0.000000000	0.310	0.000000000	0.365	0.000000000	0.289	0.000000000	0.567	0.000000000	0.462	0.000000000
62	63	1.194	0.000000000	0.554	0.000000000	1.067	0.000000000	0.551	0.000000000	0.126	0.000000000	0.011	0.000000000	95.729	0.000000000	0.179	0.000000000	0.209	0.000000000	0.188	0.000000000	0.236	0.000000000	0.254	0.000000000
64	65	1.173	0.000000000	0.556	0.000000000	1.028	0.000000000	0.554	0.000000000	0.146	0.000000000	0.013	0.000000000	83.270	0.000000000	0.183	0.000000000	0.197	0.000000000	0.193	0.000000000	0.246	0.000000000	0.209	0.000000000
66	67	1.333	0.000000000	0.562	0.000000000	1.134	0.000000000	0.558	0.000000000	0.199	0.000000000	0.018	0.000000000	78.472	0.000000000	0.179	0.000000000	0.269	0.000000000	0.223	0.000000000	0.285	0.000000000	0.178	0.000000000
68	69	5.616	0.000000000	0.751	0.000000000	5.162	0.000000000	0.724	0.000000000	0.455	0.000000000	0.041	0.000000000	342.860	0.000000000	0.791	0.000000000	0.897	0.000000000	0.393	0.000000000	1.014	0.000000000	2.068	0.000000000
70	71	2.862	0.000000000	0.607	0.000000000	2.658	0.000000000	0.599	0.000000000	0.205	0.000000000	0.019	0.000000000	254.146	0.000000000	0.409	0.000000000	0.474	0.000000000	0.342	0.000000000	0.492	0.000000000	0.940	0.000000000
72	73	0.925	0.000000000	0.551	0.000000000	0.821	0.000000000	0.550	0.000000000	0.105	0.000000000	0.009	0.000000000	60.908	0.000000000	0.162	0.000000000	0.168	0.000000000	0.187	0.000000000	0.194	0.000000000	0.110	0.000000000
74	75	2.583	0.000000000	0.594	0.000000000	2.288	0.000000000	0.584	0.000000000	0.295	0.000000000	0.027	0.000000000	167.910	0.000000000	0.432	0.000000000	0.478	0.000000000	0.542	0.000000000	0.719	0.000000000	0.117	0.000000000
76	77	1.448	0.000000000	0.560	0.000000000	1.262	0.000000000	0.556	0.000000000	0.187	0.000000000	0.017	0.000000000	133.258	0.000000000	0.199	0.000000000	0.294	0.000000000	0.297	0.000000000	0.288	0.000000000	0.184	0.000000000
78	79	2.704	0.000000000	0.599	0.000000000	2.429	0.000000000	0.589	0.000000000	0.274	0.000000000	0.025	0.000000000	218.317	0.000000000	0.386	0.000000000	0.469	0.000000000	0.423	0.000000000	0.676	0.000000000	0.475	0.000000000
80	81	3.704	0.000000000	0.641	0.000000000	3.473	0.000000000	0.631	0.000000000	0.232	0.000000000	0.021	0.000000000	287.538	0.000000000	0.555	0.000000000	0.641	0.000000000	0.510	0.000000000	0.853	0.000000000	0.912	0.000000000
82	83	6.799	0.000000000	0.825	0.000000000	6.111	0.000000000	0.780	0.000000000	0.689	0.000000000	0.062	0.000000000	364.193	0.000000000	0.873	0.000000000	0.901	0.000000000	0.552	0.000000000	0.960	0.000000000	2.823	0.000000000
84	85	3.767	0.000000000	0.647	0.000000000	3.364	0.000000000	0.629	0.000000000	0.403	0.000000000	0.036	0.000000000	300.340	0.000000000	0.544	0.000000000	0.532	0.000000000	0.434	0.000000000	0.892	0.000000000	0.960	0.000000000
86	87	2.304	0.000000000	0.593	0.000000000	2.105	0.000000000	0.587	0.000000000	0.199	0.000000000	0.018	0.000000000	168.093	0.000000000	0.419	0.000000000	0.358	0.000000000	0.308	0.000000000	0.457	0.000000000	0.564	0.000000000
88	89	2.441	0.000000000	0.600	0.000000000	2.063	0.000000000	0.588	0.000000000	0.378	0.000000000	0.034	0.000000000	119.758	0.000000000	0.349	0.000000000	0.435	0.000000000	0.367	0.000000000	0.688	0.000000000	0.223	0.000000000
90	91	6.997	0.000000000	0.833	0.000000000	6.109	0.000000000	0.774	0.000000000	0.888	0.000000000	0.080	0.000000000	204.605	0.000000000	0.657	0.000000000	0.916	0.000000000	0.853	0.000000000	2.185	0.000000000	1.498	0.000000000
