ebas_test_data/FR0039U.20171102000000.20190101000000.hvs.ec_oc.pm10.5mo.36h.FR18L_DIGITEL_DHA-80_Passy_pm10.FR18L_SUNSET_Passy.lev2.nas
97 1001
Jaffrezo, Jean Luc; Weber, Samuel; Vella, Anthony
FR18L, Université Grenoble-Alpes-CNRS, IGE, Insitut des Géosciences de l'Environnement, 54 rue Molière, Domaine Universitaire, 38400, Saint-Martin-d'Hères, France
Jaffrezo, Jean Luc
ACTRIS EMEP GAW-WDCA COLOSSAL CAMPAIGN
1 1
2017 11 02 2019 01 01
0
days from file reference point
5
1 1 1 1 1
999 999.99 9.999 999.99 9.999
end_time of measurement, days from the file reference point
elemental_carbon, ug C/m3, Detection limit=0.02 ug C/m3
numflag elemental_carbon, no unit
organic_carbon, ug C/m3, Detection limit=0.18 ug C/m3
numflag organic_carbon, no unit
0
78
Data definition:              EBAS_1.1
Set type code:                TI
Timezone:                     UTC
File name:                    FR0039U.20171102000000.20190101000000.high_vol_sampler.ec_oc.pm10.5mo.36h.FR18L_DIGITEL_DHA-80_Passy_pm10.FR18L_SUNSET_Passy.lev2.nas
Startdate:                    20171102000000
Revision date:                20190101000000
Version:                      1
Version description:          initial revision, manually inspected
Statistics:                   
Data level:                   2
Period code:                  5mo
Resolution code:              36h
Sample duration:              1d
Orig. time res.:              1d
Station code:                 FR0039U
Platform code:                FR0039S
Station name:                 Passy
Station GAW-ID:               
Station land use:             Urban park
Station setting:              Urban and center city
Station WMO region:           6
Station latitude:             45.922514
Station longitude:            6.713925
Station altitude:             588.0m
Measurement latitude:         
Measurement longitude:        
Measurement altitude:         
Measurement height:           
Regime:                       IMG
Component:                    ec_oc
Unit:                         ug C/m3
Matrix:                       pm10
Laboratory code:              FR18L
Instrument type:              high_vol_sampler
Instrument name:              DIGITEL_DHA-80_Passy_pm10
Instrument manufacturer:      DIGITEL
Instrument model:             DHA-80
Instrument serial number:     
Analytical laboratory code:   FR18L
Analytical measurement technique: thermal-optical_analysis
Analytical instrument name:   SUNSET_Passy
Analytical instrument manufacturer: Sunset Laboratory
Analytical instrument model:  
Analytical instrument serial number: 
Method ref:                   FR18L_SUNSET_Passy
Standard method:              TEMP=EUSAAR_2
Inlet type:                   Impactor--direct
Inlet description:            PM10 size cut-off
Flow rate:                    500 l/min
Filter face velocity:         54.13 cm/s
Exposed filter area:          153.94 cm2
Filter description:           Tissuquartz 2500 QAT-UP 150mm
Medium:                       Quartz
Filter prefiring:             773.15 K, 8.0 h
Filter conditioning:          None
Sample preparation:           None
Blank correction:             Blank corrected
Artifact correction:          None
Charring correction:          By laser transmission
Humidity/temperature control: None
Humidity/temperature control description: filter kept at ambient conditions together with sampling head
Volume std. temperature:      ambient
Volume std. pressure:         ambient
Detection limit expl.:        Determined by taking 3 times standard deviation of ensemble of field blanks for TC and OC, limits given by manufacturer for EC
Measurement uncertainty expl.: Measurement uncertainty as reported by the Sunset instrument
Zero/negative values code:    
Zero/negative values:         
QA1 measure ID:               
QA1 date:                     
QA1 document name:            
QA1 document URL:             
Originator:                   Jaffrezo, Jean Luc, Jean-Luc.Jaffrezo@univ-grenoble-alpes.fr, Laboratoire de Glaciologie et Geophysique de lEnvironnement, LGGE, Laboratoire daerologie, Chimie Atmospherique Neige et Glace, 54 rue Moliere BP 96, F-38402, Saint-Martin dHeres cedex, France
Originator:                   Weber, Samuel,  samuel.weber@univ-grenoble-alpes.fr, Institut des Géosiences de l'Environnement, IGE, Université Grenoble -Alpes CNRS, , 54 rue Molière, 38400, Saint-Martin-d'Hères, France
Originator:                   Vella, Anthony, Anthony.Vella@univ-grenoble-alpes.fr, Institut des Geosciences de l'Environnement, , , Chimie Atmospherique Neige et Glace, 460 rue de la piscine, F-38402, Saint-Martin d'Heres cedex, France
Submitter:                    Jaffrezo, Jean Luc, Jean-Luc.Jaffrezo@univ-grenoble-alpes.fr, Laboratoire de Glaciologie et Geophysique de lEnvironnement, LGGE, Laboratoire daerologie, Chimie Atmospherique Neige et Glace, 54 rue Moliere BP 96, F-38402, Saint-Martin dHeres cedex, France
Acknowledgement:              For using this data for any kind of publications, you must contact the data originator(s), in terms of acknowledgment
Comment:                      
start_time end_time EC	EC_flag OC	OC_flag
0	1	3.29	0.000	11.20	0.000
1	2	3.92	0.472	8.21	0.000
3	4	1.27	0.000	7.62	0.000
4	5	1.01	0.000	6.09	0.000
6	7	1.62	0.000	6.74	0.000
7	8	1.68	0.000	7.30	0.000
9	10	999.99	0.999	999.99	0.999
10	11	1.01	0.000	4.53	0.000
12	13	2.79	0.000	11.12	0.000
13	14	3.95	0.472	14.41	0.000
19	20	4.20	0.472	9.57	0.000
21	22	2.13	0.000	6.04	0.000
22	23	3.88	0.472	9.20	0.000
24	25	1.39	0.000	8.48	0.000
25	26	2.56	0.000	8.86	0.000
27	28	1.15	0.000	5.75	0.000
28	29	1.56	0.000	8.00	0.000
30	31	1.65	0.000	8.33	0.000
31	32	1.62	0.000	10.42	0.000
33	34	4.65	0.472	21.95	0.000
34	35	5.01	0.472	18.29	0.000
36	37	1.90	0.000	6.22	0.000
37	38	1.50	0.000	7.68	0.000
39	40	1.18	0.000	4.96	0.000
40	41	2.45	0.000	10.13	0.000
42	43	1.81	0.000	5.38	0.000
43	44	1.39	0.000	4.50	0.000
45	46	2.35	0.000	13.91	0.000
46	47	3.03	0.000	11.12	0.000
48	49	7.61	0.472	15.23	0.000
49	50	5.34	0.472	19.77	0.000
51	52	3.89	0.472	15.60	0.000
52	53	1.90	0.000	10.24	0.000
54	55	3.43	0.000	12.42	0.000
55	56	1.51	0.000	6.95	0.000
57	58	1.65	0.000	7.85	0.000
58	59	3.44	0.000	15.31	0.000
60	61	1.50	0.000	7.56	0.000
61	62	1.15	0.000	4.61	0.000
63	64	2.68	0.000	10.28	0.000
64	65	1.59	0.000	5.96	0.000
66	67	3.13	0.000	15.89	0.000
67	68	2.18	0.000	10.68	0.000
69	70	1.78	0.000	8.55	0.000
70	71	3.15	0.000	12.51	0.000
72	73	3.00	0.000	17.07	0.000
73	74	3.78	0.472	20.98	0.000
75	76	1.85	0.000	6.50	0.000
78	79	1.21	0.000	5.51	0.000
79	80	2.01	0.000	10.80	0.000
81	82	1.90	0.000	8.14	0.000
82	83	1.82	0.000	5.97	0.000
84	85	1.61	0.000	6.90	0.000
85	86	2.95	0.000	8.78	0.000
87	88	2.58	0.000	13.60	0.000
88	89	4.00	0.472	20.15	0.000
90	91	3.32	0.000	10.36	0.000
91	92	1.50	0.000	7.88	0.000
93	94	0.92	0.000	4.15	0.000
94	95	2.17	0.000	11.32	0.000
96	97	4.56	0.472	18.60	0.000
97	98	1.66	0.000	10.64	0.000
99	100	2.38	0.000	9.98	0.000
100	101	1.39	0.000	9.96	0.000
102	103	0.85	0.000	3.88	0.000
103	104	1.60	0.000	6.82	0.000
105	106	3.26	0.000	11.24	0.000
106	107	2.78	0.000	7.26	0.000
108	109	0.73	0.000	4.43	0.000
109	110	1.45	0.000	6.74	0.000
111	112	0.79	0.000	4.59	0.000
112	113	1.02	0.000	7.68	0.000
114	115	1.17	0.000	9.52	0.000
115	116	0.82	0.000	7.69	0.000
117	118	0.99	0.000	7.38	0.000
118	119	2.83	0.000	10.33	0.000
120	121	1.84	0.000	13.75	0.000
121	122	3.42	0.000	18.19	0.000
123	124	2.88	0.000	14.22	0.000
124	125	2.76	0.000	14.11	0.000
126	127	1.57	0.000	5.41	0.000
127	128	1.38	0.000	4.89	0.000
129	130	0.98	0.000	5.31	0.000
130	131	0.97	0.000	4.67	0.000
132	133	1.31	0.000	4.52	0.000
133	134	1.33	0.000	5.09	0.000
135	136	1.12	0.000	5.56	0.000
136	137	0.70	0.000	4.88	0.000
138	139	0.84	0.000	7.07	0.000
139	140	1.07	0.000	7.06	0.000
141	142	1.04	0.000	6.38	0.000
142	143	1.10	0.000	5.17	0.000
144	145	0.73	0.000	4.19	0.000
145	146	0.69	0.000	4.96	0.000
147	148	0.82	0.000	7.86	0.000
148	149	1.30	0.000	4.50	0.000
150	151	0.35	0.000	2.31	0.000
151	152	0.80	0.000	3.95	0.000
