ebas_test_data/GR000XU.20171204180000.20190101000000.low_vol_sampler.ec_oc.pm25.3mo.12h.GR03L_lvs_Thissio_pm25.GR03L_GR002_sunset.lev2.nas
101 1001 
Mihalopoulos, Nikos; Tsagaraki, Maria; Kouvarakis, Giorgos
GR03L, University of Creete, , Departement of Chemistry, P.O. Boks 1470, , 71409, Heraklion, Greece
Mihalopoulos, Nikos
EMEP GAW-WDCA COLOSSAL CAMPAIGN
1 1
2017 12 04 2019 01 01
0.5
days from file reference point
5
1 1 1 1 1
9999.999999 99.999 9.999 999.999 9.999
end_time of measurement, days from the file reference point
elemental_carbon, ug C/m3, Detection limit= 0.01 ug C/m3
numflag elemental_carbon, no unit
organic_carbon, ug C/m3, Detection limit= 0.06 ug C/m3
numflag organic_carbon, no unit
0
82
Data definition:                         EBAS_1.1 
Set type code:                           TU 
Timezone:                                UTC
File name:                               GR000XU.20171204180000.20190101000000.low_vol_sampler.ec_oc.pm25.3mo.12h.GR03L_lvs_Thissio_pm25.GR03L_GR002_sunset.lev2.nas 
Startdate:                               20171204180000 
Revision date:                           20190101000000 
Version:                                 1 
Version description:                     initial revision, manually inspected 
Data level:                              2 
Period code:                             3mo 
Resolution code:                         12h 
Sample duration:                         12h 
Orig. time res.:                         12h
Station code:                            GR000XU 
Platform code:                            
Station name:                            Thissio Athens
Station WDCA-ID:                         
Station GAW-Name:                        
Station GAW-ID:                          
Station AIRS-ID:                          
Station other IDs:                       
Station state/province:                   
Station land use:                         
Station setting:                          
Station GAW type:                         
Station WMO region:                       
Station latitude:                        37.97 
Station longitude:                       23.72
Station altitude:                        105 m
Measurement latitude:                      
Measurement longitude:                    
Measurement altitude:                     
Measurement height:                       
Component:                               ec_oc 
Unit:                                    ug C/m3 
Matrix:                                  pm25 
Laboratory code:                         GR03L 
Instrument type:                         low_vol_sampler 
Instrument manufacturer:                 Derenda 
Instrument model:                        
Instrument name:                         lvs_Thissio_pm25 
Instrument serial number:                
Analytical laboratory code:              GR03L 
Analytical measurement technique:        thermal-optical_analysis 
Analytical instrument manufacturer:      Sunset Laboratory 
Analytical instrument model:             OCEC Lab Instrument Model 5 
Analytical instrument name:              GR002_sunset 
Analytical instrument serial number:     170
Charring correction:                     By laser transmission 
Standard method:                         SOP=EMEP_manual_v2014, TEMP=EUSAAR_2 
Inlet type:                              Impactor--direct 
Inlet description:                       PM10 at ambient humidity inlet 
Flow rate:                                
Filter face velocity:                     
Exposed filter area:                      
Humidity/temperature control:            None 
Humidity/temperature control description:filter was maintained in a refrigerator at 25 degrees 
Medium:                                  Quartz 
Filter description:                      Pall Tissuquartz 2500 QAT-UP 47mm
Filter prefiring:                        Not prefired
Filter conditioning:                     None
Sample preparation:                      None 
Blank correction:                        Blank corrected 
Artifact correction:                     None 
Artifact correction description:          
Volume std. temperature:                 ambient
Volume std. pressure:                    ambient
Detection limit:			  
Detection limit expl.:                   Determined by taking 3 times standard deviation of ensemble of blanks
Measurement uncertainty expl.:           Measurement uncertainty includes quantifiable uncertainty
Zero/negative values code:               Zero/negative possible 
Zero/negative values:                    Zero/negative values reported as measured if within detection limit, flagged with 780
QA1 measure ID:                          EMEP-ACTRIS-ECOC-2015
QA1 date:                                20151022
QA1 document URL:                        "https://projects.nilu.no/ccc/qameasure/ecoc_2015.pdf"
Originator: Mihalopoulos, Nikos, mihalo@uoc.gr, University of Crete, , Department of Chemistry Environmental Chemical Processes Laboratory, Voutes University Campus, 70013 Heraklion, 2208, Crete, Greece.
Originator: Tsagaraki, Maria, tsagaraki-maria@hotmail.com, University of Crete, , Department of Chemistry Environmental Chemical Processes Laboratory, Voutes University Campus, 70013 Heraklion, 2208, Crete, Greece.
Originator: Kouvarakis, Giorgos, gkouvarakis@uoc.gr, University of Crete, , Department of Chemistry Environmental Chemical Processes Laboratory, Voutes University Campus, 70013 Heraklion, 2208, Crete, Greece.
Submitter: Mihalopoulos, Nikos, mihalo@uoc.gr, University of Crete, , Department of Chemistry Environmental Chemical Processes Laboratory, Voutes University Campus, 70013 Heraklion, 2208, Crete, Greece.
Acknowledgement:                         Request acknowledgement details from data originator 
Comment:                                  
start_time	End_time	EC	EC_flag	OC	OC_flag
0.750000	1.250000	0.580	0.000	1.560	0.000
1.250000	1.750000	0.790	0.000	2.110	0.000
1.750000	2.250000	0.370	0.000	1.510	0.000
2.250000	2.750000	0.600	0.000	1.460	0.000
2.750000	3.250000	6.090	0.000	21.860	0.000
3.250000	3.750000	3.220	0.000	5.740	0.000
3.750000	4.250000	9.280	0.000	25.220	0.000
4.250000	4.750000	2.590	0.000	4.950	0.000
4.750000	5.250000	1.500	0.000	5.270	0.000
5.250000	5.750000	0.440	0.000	1.660	0.000
5.750000	6.250000	0.300	0.000	1.640	0.000
6.250000	6.750000	0.230	0.000	1.810	0.000
6.750000	7.250000	3.190	0.000	15.320	0.000
7.250000	7.536111	4.000	0.000	8.880	0.000
7.750000	8.250000	5.360	0.000	16.490	0.000
8.250000	8.750000	2.330	0.000	3.620	0.000
8.750000	9.250000	3.070	0.000	8.830	0.000
9.250000	9.750000	1.080	0.000	2.570	0.000
9.750000	10.250000	0.390	0.000	1.890	0.000
10.250000	10.750000	0.810	0.000	2.460	0.000
10.750000	11.250000	0.430	0.000	1.820	0.000
11.250000	11.750000	0.690	0.000	2.750	0.000
11.750000	12.250000	2.930	0.000	10.620	0.000
12.250000	12.750000	0.460	0.000	0.880	0.000
12.750000	13.250000	0.690	0.000	1.250	0.000
13.250000	13.750000	0.520	0.000	1.450	0.000
13.750000	14.250000	0.470	0.000	2.160	0.000
14.250000	14.750000	2.530	0.000	3.490	0.000
14.750000	15.250000	0.430	0.000	1.860	0.000
15.250000	15.750000	0.820	0.000	2.370	0.000
15.750000	16.250000	0.470	0.000	3.140	0.000
16.250000	16.750000	0.750	0.000	3.780	0.000
16.750000	17.250000	0.640	0.000	3.540	0.000
17.250000	17.750000	0.360	0.000	0.760	0.000
17.750000	18.250000	0.270	0.000	0.810	0.000
18.250000	18.750000	0.570	0.000	0.770	0.000
18.750000	19.250000	0.390	0.000	1.170	0.000
19.250000	19.750000	0.700	0.000	2.590	0.000
19.750000	20.250000	1.000	0.000	3.990	0.000
20.250000	20.750000	0.540	0.000	2.790	0.000
20.750000	21.250000	7.370	0.000	34.990	0.000
21.250000	21.750000	2.240	0.000	9.040	0.000
21.750000	22.250000	8.720	0.000	55.770	0.000
22.250000	22.750000	1.490	0.000	5.610	0.000
22.750000	23.250000	2.370	0.000	10.290	0.000
23.250000	23.750000	2.390	0.000	4.500	0.000
23.750000	24.250000	1.050	0.000	3.660	0.000
24.250000	24.750000	0.220	0.000	0.680	0.000
24.750000	25.250000	0.840	0.000	1.420	0.000
25.250000	25.750000	0.620	0.000	1.360	0.000
25.750000	26.250000	3.950	0.000	13.470	0.000
26.250000	26.750000	0.590	0.000	1.250	0.000
26.750000	27.250000	2.800	0.000	10.210	0.000
27.250000	27.750000	0.440	0.000	1.970	0.000
27.750000	28.250000	6.040	0.000	78.950	0.000
28.250000	28.750000	2.570	0.000	9.710	0.000
28.750000	29.250000	0.960	0.000	3.930	0.000
29.250000	29.750000	0.630	0.000	1.650	0.000
29.750000	30.250000	1.970	0.000	7.560	0.000
30.250000	30.750000	0.640	0.000	1.960	0.000
30.750000	31.250000	2.750	0.000	13.380	0.000
31.250000	31.750000	0.850	0.000	1.460	0.000
31.750000	32.250000	0.540	0.000	1.870	0.000
32.250000	32.750000	1.880	0.000	3.460	0.000
32.750000	33.250000	8.080	0.000	31.260	0.000
33.250000	33.750000	1.470	0.000	4.450	0.000
33.750000	34.250000	5.510	0.000	29.040	0.000
34.250000	34.750000	1.790	0.000	5.560	0.000
34.750000	35.250000	1.550	0.000	7.140	0.000
35.250000	35.750000	1.730	0.000	3.400	0.000
35.750000	36.250000	0.430	0.000	2.820	0.000
36.250000	36.750000	1.810	0.000	4.890	0.000
36.750000	37.250000	1.250	0.000	7.430	0.000
37.250000	37.750000	0.850	0.000	3.460	0.000
37.750000	38.250000	0.930	0.000	6.300	0.000
38.250000	38.750000	1.180	0.000	3.490	0.000
38.750000	39.250000	0.930	0.000	5.780	0.000
39.250000	39.750000	1.660	0.000	3.400	0.000
39.750000	40.250000	0.370	0.000	2.030	0.000
40.250000	40.750000	0.600	0.000	1.600	0.000
40.750000	41.250000	0.550	0.000	2.080	0.000
41.250000	41.750000	0.230	0.000	2.150	0.000
41.750000	42.250000	0.630	0.000	3.890	0.000
42.250000	42.750000	1.370	0.000	2.720	0.000
42.750000	43.250000	2.840	0.000	12.050	0.000
43.250000	43.750000	3.740	0.000	5.940	0.000
43.750000	44.250000	0.610	0.000	2.230	0.000
44.250000	44.750000	1.030	0.000	2.500	0.000
44.750000	45.250000	0.820	0.000	4.130	0.000
45.250000	45.750000	0.400	0.000	2.520	0.000
45.750000	46.250000	0.640	0.000	2.320	0.000
46.250000	46.750000	0.900	0.000	2.040	0.000
46.750000	47.250000	1.470	0.000	6.240	0.000
47.250000	47.750000	1.280	0.000	2.950	0.000
47.750000	48.250000	0.540	0.000	1.610	0.000
48.250000	48.750000	0.270	0.000	2.550	0.000
48.750000	49.250000	0.460	0.000	2.430	0.000
49.250000	49.750000	0.420	0.000	1.780	0.000
49.750000	50.250000	0.870	0.000	3.420	0.000
50.250000	50.750000	0.890	0.000	2.430	0.000
50.750000	51.250000	0.430	0.000	2.220	0.000
51.250000	51.750000	0.600	0.000	5.880	0.000
51.750000	52.250000	0.410	0.000	2.120	0.000
52.250000	52.750000	0.350	0.000	1.410	0.000
52.750000	53.250000	1.010	0.000	3.850	0.000
53.250000	53.750000	0.730	0.000	1.910	0.000
53.750000	54.250000	1.870	0.000	7.460	0.000
54.250000	54.750000	0.650	0.000	2.860	0.000
54.750000	55.250000	4.230	0.000	19.630	0.000
55.250000	55.750000	1.170	0.000	5.160	0.000
55.750000	56.250000	7.100	0.000	42.110	0.000
56.250000	56.750000	3.480	0.000	8.860	0.000
56.750000	57.250000	7.360	0.000	30.280	0.000
57.250000	57.750000	3.510	0.000	8.210	0.000
57.750000	58.250000	8.890	0.000	23.200	0.000
58.250000	58.750000	3.820	0.000	9.170	0.000
58.750000	59.250000	6.600	0.000	19.760	0.000
59.250000	59.750000	1.240	0.000	5.730	0.000
59.750000	60.250000	2.160	0.000	9.460	0.000
60.250000	60.750000	1.480	0.000	3.590	0.000
60.750000	61.250000	0.330	0.000	0.830	0.000
61.250000	61.750000	0.210	0.000	0.610	0.000
61.750000	62.250000	0.330	0.000	1.280	0.000
62.250000	62.750000	0.470	0.000	1.880	0.000
62.750000	63.250000	2.090	0.000	7.820	0.000
63.250000	63.750000	1.250	0.000	3.230	0.000
63.750000	64.250000	0.370	0.000	1.680	0.000
64.250000	64.750000	0.610	0.000	1.810	0.000
64.750000	65.250000	1.570	0.000	6.460	0.000
65.250000	65.750000	1.600	0.000	3.270	0.000
65.750000	66.250000	1.630	0.000	3.980	0.000
66.250000	66.750000	0.780	0.000	2.310	0.000
66.750000	67.250000	0.600	0.000	4.220	0.000
67.250000	67.750000	1.210	0.000	2.400	0.000
67.750000	68.250000	1.660	0.000	6.760	0.000
68.250000	68.750000	0.540	0.000	1.300	0.000
68.750000	69.250000	0.270	0.000	0.930	0.000
69.250000	69.750000	0.170	0.000	0.780	0.000
69.750000	70.250000	0.320	0.000	1.650	0.000
70.250000	70.750000	0.650	0.000	1.830	0.000
70.750000	71.250000	0.690	0.000	2.700	0.000
71.250000	71.750000	0.710	0.000	1.750	0.000
71.750000	72.250000	0.300	0.000	1.200	0.000
72.250000	72.750000	0.380	0.000	1.200	0.000
72.750000	73.250000	2.210	0.000	7.980	0.000
73.250000	73.750000	0.630	0.000	0.690	0.000
73.750000	74.250000	1.160	0.000	3.760	0.000
74.250000	74.750000	0.640	0.000	1.620	0.000
74.750000	75.250000	0.530	0.000	3.260	0.000
75.250000	75.750000	0.660	0.000	3.040	0.000
75.750000	76.250000	3.150	0.000	15.040	0.000
76.250000	76.750000	0.910	0.000	4.980	0.000
76.750000	77.250000	2.380	0.000	12.290	0.000
77.250000	77.750000	0.710	0.000	4.210	0.000
77.750000	78.250000	0.370	0.000	2.620	0.000
78.250000	78.750000	0.400	0.000	1.820	0.000
78.750000	79.250000	1.320	0.000	7.410	0.000
79.250000	79.750000	1.600	0.000	4.420	0.000
79.750000	80.250000	4.070	0.000	14.200	0.000
80.250000	80.750000	0.950	0.000	3.080	0.000
80.750000	81.250000	3.390	0.000	9.800	0.000
81.250000	81.750000	0.740	0.000	3.730	0.000
81.750000	82.250000	0.720	0.000	3.460	0.000
82.250000	82.750000	0.280	0.000	0.910	0.000
82.750000	83.250000	1.940	0.000	8.030	0.000
83.250000	83.750000	0.230	0.000	2.320	0.000
83.750000	84.250000	0.160	0.000	1.410	0.000
84.250000	84.750000	0.350	0.000	0.840	0.000
84.750000	85.250000	2.520	0.000	7.670	0.000
85.250000	85.750000	0.640	0.000	4.790	0.000
85.750000	86.250000	0.250	0.000	1.310	0.000
86.250000	86.750000	0.690	0.000	2.900	0.000
86.750000	87.250000	1.030	0.000	3.940	0.000
