ebas_test_data/GR0002R.20171201000000.20190725000000.low_vol_sampler.ocec.pm10.1d.4mo.GR02L_PM10_carbon.GR02L_GR002_sunset.lev2.nas
97 1001
Mihalopoulos, Nikos; Tsagaraki, Maria; Kouvarakis, Giorgos
GR02L, University of Crete, , Department of Chemistry - Environmental Chemical Processes Laboratory, Voutes University Campus, 70013 Heraklion, 2208, Crete, Greece.
Mihalopoulos, Nikos
GAW-WDCA ACTRIS COLOSSAL CAMPAIGN
1 1
2017 01 01 2019 07 25
1
Days from the file reference point (start_time)
5
1 1 1 1 1
9999.99999 99.999 9.999 99.999 9.999
end_time, days from the file reference point 
organic_carbon, ug C/m3, Detection limit=0.06 ug C/m3
numflag organic_carbon, no unit, 3 digits coded into the decimals
elemental_carbon, ug C/m3, Detection limit=0.04 ug C/m3
numflag elemental_carbon, no unit, 3 digits coded into the decimals
0
78
Data definition: EBAS_1.1
Set type code: 	TU
Timezone:  	UTC
File name:  	GR0002R.20171201000000.20190725000000.ocec.pm10.1d.4mo.nas
Startdate: 	20171201000000
Revision date: 	20190725000000
Version:  	1
Version description: initial revision
Data level: 	2
Period code: 	4mo
Resolution code:  1d
Sample duration:  1d
Orig. time res.: 1d
Station code: 	GR0002R
Platform code: 	GR0002S
Station name: 	Finokalia
Station WDCA-ID: FKA
Station GAW-Name: Finokalia (Greece)
Station GAW-ID: FNK
Station AIRS-ID: [this is line optional]
Station other IDs: GR0002R (EMEP), GR02 ( Geomon), FKL (ACTRIS-2)
Station state/province:  [this is line optional]
Station land use:  Remote Park/Other
Station setting:  Rural/Coastal
Station GAW type: 	R
Station WMO region: 	6
Station latitude: 	35.338
Station longitude: 	25.669
Station altitude: 	250m
Measurement latitude: 	35.338
Measurement longitude:  25.669
Measurement altitude: 	250m
Measurement height:  	2m
Component:   		ocec
Unit: 			ug C/m3
Matrix:  		pm10
Laboratory code:  	GR02L
Instrument type:  	low_vol_sampler
Instrument manufacturer:  	Leckel
Instrument model:   		SEQ47/50
Instrument name:  		PM10_carbon
Instrument serial number:    	10/0090
Analytical laboratory code:   	GR02L
Analytical measurement technique: thermal-optical_analysis
Analytical instrument manufacturer: Sunset Laboratory
Analytical instrument model:  	OCEC Lab Instrument Model 5
Analytical instrument name:   	GR002_sunset
Analytical instrument serial number: 170
Charring correction: 	By laser transmission
Standard method: 	SOP=EMEP_manual_v2014, TEMP=EUSAAR_2
Inlet type: 		Impactor--direct
Inlet description: 	PM10 at ambient humidity inlet
Flow rate: 		38.5 l/min
Filter face velocity:  	56.58 cm/s
Exposed filter area: 	11.34 cm2
Humidity/temperature control: None 
Humidity/temperature control description: filter was maintained in a refrigerator at 25 degrees
Medium: Quartz
Filter description: 	Pall Tissuquartz 2500 QAT-UP 47mm
Filter prefiring: 	Not prefired
Filter conditioning: 	None
Sample preparation: 	None
Blank correction: 	Blank corrected
Artifact correction:   	None
Artifact correction description: 
Detection limit:  	
Detection limit expl.:   Determined by taking 3 times standard deviation of ensemble of blanks
Zero/negative values code:    Zero/negative possible
Zero/negative values:         Zero/negative values reported as measured if within detection limit, flagged with 780
QA1 measure ID: 	EMEP-ACTRIS-ECOC-2015
QA1 date: 		20151022
QA1 document URL: 	"https://projects.nilu.no/ccc/qameasure/ecoc_2015.pdf"
Originator: Mihalopoulos, Nikos, mihalo@uoc.gr, University of Crete, , Department of Chemistry Environmental Chemical Processes Laboratory, Voutes University Campus, 70013 Heraklion, 2208, Crete, Greece.
Originator: Tsagaraki, Maria, tsagaraki-maria@hotmail.com, University of Crete, , Department of Chemistry Environmental Chemical Processes Laboratory, Voutes University Campus, 70013 Heraklion, 2208, Crete, Greece.
Originator: Kouvarakis, Giorgos, gkouvarakis@uoc.gr, University of Crete, , Department of Chemistry Environmental Chemical Processes Laboratory, Voutes University Campus, 70013 Heraklion, 2208, Crete, Greece.
Submitter: Mihalopoulos, Nikos, mihalo@uoc.gr, University of Crete, , Department of Chemistry Environmental Chemical Processes Laboratory, Voutes University Campus, 70013 Heraklion, 2208, Crete, Greece.
Acknowledgement:  Request acknowledgement details from data originator
start_time end_time OC OC_numflag EC EC_numflag
334.00069 334.99931 00.607 0.000 00.224 0.000
335.00069 335.99931 00.549 0.000 00.164 0.000
336.00069 336.99931 00.531 0.000 00.133 0.000
337.00069 337.99931 00.926 0.000 00.325 0.000
338.00069 338.99931 00.345 0.000 00.052 0.000
339.00069 339.99931 00.534 0.000 00.056 0.000
340.00069 340.99931 00.518 0.000 00.061 0.000
341.00069 341.99931 00.980 0.000 00.141 0.000
342.00069 342.99931 00.855 0.000 00.129 0.000
343.00069 343.99931 00.420 0.000 00.093 0.000
344.00069 344.99931 00.799 0.000 00.098 0.000
345.00069 345.99931 00.773 0.000 00.143 0.000
346.00069 346.99931 00.348 0.000 00.080 0.000
347.00069 347.99931 00.542 0.000 00.205 0.000
348.00069 348.99931 00.548 0.000 00.110 0.000
349.00069 349.99931 00.846 0.000 00.271 0.000
350.00069 350.99931 00.932 0.000 00.208 0.000
351.00069 351.99931 00.372 0.000 00.027 0.147
352.00069 352.99931 99.999 0.999 99.999 0.999
353.00069 353.99931 00.614 0.000 00.080 0.000
354.00069 354.99931 01.389 0.000 00.162 0.000
355.00069 355.99931 02.818 0.000 00.783 0.000
356.00069 356.99931 00.448 0.000 00.044 0.000
357.00069 357.99931 01.376 0.000 00.231 0.000
358.00069 358.99931 00.903 0.000 00.115 0.000
359.00069 359.99931 01.244 0.000 00.137 0.000
360.00069 360.99931 01.016 0.000 00.132 0.000
361.00069 361.99931 00.636 0.000 00.158 0.000
362.00069 362.99931 00.805 0.000 00.142 0.000
363.00069 363.99931 00.488 0.000 00.068 0.000
364.00069 364.99931 00.557 0.000 00.058 0.000
365.00069 365.99931 00.946 0.000 00.133 0.000
366.00069 366.99931 00.924 0.000 00.178 0.000
367.00069 367.99931 99.999 0.999 99.999 0.999
368.00069 368.99931 00.619 0.000 00.079 0.000
369.00069 369.99931 00.671 0.000 00.101 0.000
370.00069 370.99931 01.018 0.000 00.129 0.000
371.00069 371.99931 00.981 0.000 00.135 0.000
372.00069 372.99931 01.376 0.000 00.131 0.000
373.00069 373.99931 01.226 0.000 00.106 0.000
374.00069 374.99931 01.237 0.000 00.094 0.000
375.00069 375.99931 01.888 0.000 00.417 0.000
376.00069 376.99931 00.788 0.000 00.101 0.000
377.00069 377.99931 01.572 0.000 00.172 0.000
378.00069 378.99931 00.335 0.000 00.046 0.000
379.00069 379.99931 00.807 0.000 00.063 0.000
380.00069 380.99931 01.021 0.000 00.105 0.000
381.00069 381.99931 00.912 0.000 00.143 0.000
382.00069 382.99931 01.173 0.000 00.022 0.147
383.00069 383.99931 00.760 0.000 00.042 0.000
384.00069 384.99931 00.813 0.000 00.085 0.000
385.00069 385.99931 06.729 0.000 00.392 0.000
386.00069 386.99931 00.561 0.000 00.022 0.147
387.00069 387.99931 00.461 0.000 00.000 0.147
388.00069 388.99931 02.310 0.000 00.073 0.000
389.00069 389.99931 00.834 0.000 00.036 0.147
390.00069 390.99931 00.525 0.000 00.004 0.147
391.00069 391.99931 00.612 0.000 00.077 0.000
392.00069 392.99931 01.003 0.000 00.138 0.000
393.00069 393.99931 01.815 0.000 00.209 0.000
394.00069 394.99931 03.840 0.000 00.412 0.000
395.00069 395.99931 04.004 0.000 00.476 0.000
396.00069 396.99931 03.254 0.000 00.401 0.000
397.00069 397.99931 01.382 0.000 00.158 0.000
398.00069 398.99931 00.964 0.000 00.147 0.000
399.00069 399.99931 02.620 0.000 00.488 0.000
400.00069 400.99931 01.881 0.000 00.452 0.000
401.00069 401.99931 00.963 0.000 00.170 0.000
402.00069 402.99931 02.780 0.000 00.727 0.000
403.00069 403.99931 02.403 0.000 00.463 0.000
404.00069 404.99931 01.721 0.000 00.226 0.000
405.00069 405.99931 01.633 0.000 00.273 0.000
406.00069 406.99931 00.861 0.000 00.051 0.000
407.00069 407.99931 00.936 0.000 00.115 0.000
408.00069 408.99931 01.099 0.000 00.150 0.000
409.00069 409.99931 00.636 0.000 00.017 0.000
410.00069 410.99931 00.519 0.000 00.000 0.147
411.00069 411.99931 00.408 0.000 00.029 0.147
412.00069 412.99931 01.138 0.000 00.143 0.000
413.00069 413.99931 01.161 0.000 00.119 0.000
414.00069 414.99931 02.254 0.000 00.230 0.000
415.00069 415.99931 01.310 0.000 00.157 0.000
416.00069 416.99931 00.486 0.000 00.069 0.000
417.00069 417.99931 00.419 0.000 00.080 0.000
418.00069 418.99931 00.872 0.000 00.150 0.000
419.00069 419.99931 00.554 0.000 00.096 0.000
420.00069 420.99931 00.536 0.000 00.020 0.147
421.00069 421.99931 00.375 0.000 00.000 0.147
422.00069 422.99931 00.581 0.000 00.048 0.000
423.00069 423.99931 01.179 0.000 00.131 0.000
424.00069 424.99931 01.514 0.000 00.126 0.000
425.00069 425.99931 00.869 0.000 00.149 0.000
426.00069 426.99931 05.521 0.000 00.577 0.000
427.00069 427.99931 11.807 0.000 01.529 0.000
428.00069 428.99931 04.872 0.000 00.357 0.000
429.00069 429.99931 01.365 0.000 00.074 0.000
430.00069 430.99931 05.597 0.000 00.195 0.000
431.00069 431.99931 02.113 0.000 00.069 0.000
432.00069 432.99931 00.467 0.000 00.014 0.147
433.00069 433.99931 00.683 0.000 00.151 0.000
434.00069 434.99931 00.668 0.000 00.122 0.000
435.00069 435.99931 01.113 0.000 00.227 0.000
436.00069 436.99931 01.199 0.000 00.080 0.000
437.00069 437.99931 00.688 0.000 00.007 0.147
438.00069 438.47569 00.790 0.000 00.000 0.147
439.00069 439.99931 00.641 0.000 00.162 0.000
440.00069 440.99931 02.934 0.000 00.530 0.000
441.00069 441.99931 03.993 0.000 01.000 0.000
442.00069 442.99931 01.641 0.000 00.147 0.000
443.00069 443.99931 00.837 0.000 00.000 0.147
444.00069 444.99931 01.398 0.000 00.049 0.000
445.00069 445.99931 34.465 0.000 15.764 0.256
446.00069 446.99931 01.615 0.000 00.007 0.147
447.00069 447.99931 01.190 0.000 00.000 0.147
448.00069 448.99931 02.806 0.000 00.108 0.000
449.00069 449.99931 09.379 0.000 01.855 0.000
450.00069 450.50417 10.054 0.000 00.349 0.000
451.00069 451.99931 02.158 0.000 00.133 0.000
