ebas_test_data/GR0100B.20171201220000.20190729233100.low_vol_sampler.levoglucosan.pm25.3mo.2d.GR05L_NCSRD_Custom3.CY05L_IC.lev2.nas
105 1001 
Eleftheriadis, Konstantinos
GR05L, National Centre for Scientific Research, NCSR Demokritos, , Agia Paraskevi, , 15341, Athens, Greece
Diapouli, Evangelia
ACTRIS EMEP GAW-WDCA COLOSSAL CAMPAIGN
1 1
2017 12 01 2019 07 29
0
days from file reference point
13
1 1 1 1 1 1 1 1 1 1 1 1 1
999.999999 9999.999 9.999 999.999 9.999 999.999 9.999 99.999 9.999 999.999 9.999 99.999 9.999
end_time of measurement, days from the file reference point
levoglucosan, ng/m3, Method ref=FR11L_LGGE_ICS5000-1, Standard method=, Sample preparation=Water extraction, Detection limit=0.37 ng/m3
numflag Levoglucosan, no unit
levoglucosan, ng/m3, Statistics=uncertainty
numflag Levoglucosan, no unit, Statistics=uncertainty
mannosan, ng/m3, Method ref=FR11L_LGGE_ICS5000-1, Standard method=, Sample preparation=Water extraction, Detection limit=0.37 ng/m3
numflag Mannosan, no unit
mannosan, ng/m3, Statistics=uncertainty
numflag Mannosan, no unit, Statistics=uncertainty
galactosan, ng/m3, Method ref=FR11L_LGGE_ICS5000-1, Standard method=, Sample preparation=Water extraction, Detection limit=0.37 ng/m3
numflag Galactosan, no unit
galactosan, ng/m3, Statistics=uncertainty
numflag Galactosan, no unit, Statistics=uncertainty
0
78
Data definition:                         EBAS_1.1 
Set type code:                           TI 
Timezone:                                UTC 
File name:                               GR0100B.20171201220000.20190729233100.low_vol_sampler.levoglucosan.pm25.3mo.2d.GR05L_NCSRD_Custom3.CY05L_IC.lev2.nas 
Startdate:                               20171201220000 
Revision date:                           20190729233100 
Version:                                 1 
Version description:                     initial revision, manually inspected 
Data level:                              2 
Period code:                             3mo 
Resolution code:                         2d 
Sample duration:                         1d 
Orig. time res.:                         1d 
Station code:                            GR0100B 
Platform code:                           GR0100B 
Station name:                            DEM_Athens 
Station WDCA-ID:                         GAWAGR__DEM 
Station GAW-Name:                        Demokritos Athens 
Station GAW-ID:                          DEM 
Station AIRS-ID:                          
Station other IDs:                        
Station state/province:                   
Station land use:                        Forest 
Station setting:                         Urban and center city 
Station GAW type:                        R 
Station WMO region:                      6 
Station latitude:                        37.9949989319 
Station longitude:                       23.8159999847 
Station altitude:                        270m 
Measurement latitude:                    37.995 
Measurement longitude:                   23.816 
Measurement altitude:                    270m 
Measurement height:                      10m 
Component:                               levoglucosan 
Unit:                                    ng/m3 
Matrix:                                  pm25 
Laboratory code:                         GR05L 
Instrument type:                         low_vol_sampler 
Instrument manufacturer:                 Custom-made_reference_sampler 
Instrument model:                        
Instrument name:                         NCSRD_Custom3 
Instrument serial number:                 
Analytical laboratory code:              CY05L 
Analytical measurement technique:        Ion Chromatography with Pulsed Amperometric Detection (IC-PAD) 
Analytical instrument manufacturer:      THERMO 
Analytical instrument model:             DCS 3000
Analytical instrument name:              IC 
Analytical instrument serial number:       
Standard method:                         Sample preparation=Water extraction 
Inlet type:                              Impactor--direct 
Inlet description:                       Upward facing with rain shield 
Flow rate:                               41.0 l/min 
Filter face velocity:                    53 cm/s 
Exposed filter area:                     12.9 cm2 
Humidity/temperature control:            None 
Humidity/temperature control description:filter kept at ambient conditions together with sampling head 
Medium:                                  Quartz 
Filter description:                      Pall Tissuquartz filters, 47mm, non-heat treated, 2500 QAO-UP (Pall 7194)
Filter prefiring:                        Not prefired 
Filter conditioning:                     None 
Sample preparation:                      None 
Blank correction:                        Blank corrected 
Artifact correction:                     None 
Artifact correction description:          
Volume std. temperature:                 ambient
Volume std. pressure:                    ambient
Detection limit expl.:                   Determined by taking 3 times standard deviation of ensemble of field blanks + instrument uncertainty 
Measurement uncertainty expl.:           
Zero/negative values code:               Zero/negative possible 
Zero/negative values:                    Zero/negative values reported as measured if within detection limit, flagged with 147 
QA1 measure ID:                          
QA1 date:                                
QA1 document URL:                                              
Originator:                              Eleftheriadis,Konstantinos, elefther@ipta.demokritos.gr, National Centre for Scientific Research "Demokritos", NCSR Demokritos, Environmental Radioactivity Laboratory, Agia Paraskevi, , 15341, Athens, Greece 
Submitter:                               Diapouli,Evangelia, ldiapouli@ipta.demokritos.gr, National Centre for Scientific Research "Demokritos", NCSR Demokritos, Environmental Radioactivity Laboratory, Agia Paraskevi, , 15341, Athens, Greece  
Acknowledgement:                         Request acknowledgement details from data originator 
Comment:           
start_time	end_time	levo	levo_flag	levo_uncert	levo_uncert_flag	manno	manno_flag	manno_uncert	manno_uncert_flag	galacto	galacto_flag	galacto_uncert	galacto_uncert_flag			
0.916667	1.914583	2.714	0.000	0.434	0.000	0.000	0.147	0.000	0.147	0.000	0.147	0.000	0.147			
2.916667	3.911806	34.590	0.000	5.534	0.000	3.016	0.000	0.603	0.000	1.205	0.000	0.313	0.000			
3.916667	4.915972	90.263	0.000	14.442	0.000	9.872	0.000	1.974	0.000	3.247	0.000	0.844	0.000			
5.916667	6.915972	55.905	0.000	8.945	0.000	5.120	0.000	1.024	0.000	2.049	0.000	0.533	0.000			
6.916667	7.915972	36.416	0.000	5.827	0.000	4.198	0.000	0.840	0.000	0.834	0.000	0.217	0.000			
8.916667	9.915972	35.608	0.000	5.697	0.000	3.052	0.000	0.610	0.000	0.867	0.000	0.225	0.000			
9.916667	10.915972	21.414	0.000	3.426	0.000	1.224	0.000	0.245	0.000	1.236	0.000	0.321	0.000			
11.916667	12.915972	37.117	0.559	5.939	0.559	3.434	0.559	0.687	0.559	0.766	0.559	0.199	0.559			
12.916667	13.915972	23.184	0.559	3.709	0.559	1.645	0.559	0.329	0.559	1.185	0.559	0.308	0.559			
14.916667	15.915972	8.471	0.000	1.355	0.000	0.687	0.000	0.137	0.000	0.000	0.147	0.000	0.147			
15.916667	16.915278	33.051	0.000	5.288	0.000	3.135	0.000	0.627	0.000	1.545	0.000	0.402	0.000			
17.916667	18.915278	116.287	0.559	18.606	0.559	12.567	0.559	2.513	0.559	5.722	0.559	1.488	0.559			
18.916667	19.915278	204.824	0.559	32.772	0.559	23.640	0.559	4.728	0.559	11.068	0.559	2.878	0.559			
20.916667	21.915972	150.303	0.000	24.049	0.000	19.673	0.000	3.935	0.000	9.020	0.000	2.345	0.000			
21.916667	22.915972	163.936	0.000	26.230	0.000	18.183	0.000	3.637	0.000	8.066	0.000	2.097	0.000			
23.916667	24.915972	214.971	0.000	34.395	0.000	23.037	0.000	4.607	0.000	8.520	0.000	2.215	0.000			
24.916667	25.915972	101.573	0.000	16.252	0.000	10.778	0.000	2.156	0.000	4.442	0.000	1.155	0.000			
26.916667	27.915972	5.393	0.000	0.863	0.000	0.000	0.147	0.000	0.147	0.000	0.147	0.000	0.147			
27.916667	28.910417	62.138	0.000	9.942	0.000	6.706	0.000	1.341	0.000	2.512	0.000	0.653	0.000			
29.916667	30.915972	203.917	0.000	32.627	0.000	20.726	0.000	4.145	0.000	8.105	0.000	2.107	0.000			
30.916667	31.912500	118.724	0.000	18.996	0.000	10.765	0.000	2.153	0.000	4.844	0.000	1.260	0.000			
32.916667	33.915972	134.719	0.000	21.555	0.000	14.794	0.000	2.959	0.000	4.758	0.000	1.237	0.000			
33.916667	34.915972	221.783	0.000	35.485	0.000	23.788	0.000	4.758	0.000	10.448	0.000	2.717	0.000			
35.916667	36.915972	51.457	0.000	8.233	0.000	5.510	0.000	1.102	0.000	2.184	0.000	0.568	0.000			
36.916667	37.915278	65.761	0.000	10.522	0.000	7.152	0.000	1.430	0.000	2.943	0.000	0.765	0.000			
38.916667	39.915278	160.394	0.000	25.663	0.000	18.181	0.000	3.636	0.000	8.449	0.000	2.197	0.000			
39.916667	40.915278	88.506	0.000	14.161	0.000	9.017	0.000	1.803	0.000	3.557	0.000	0.925	0.000			
41.916667	42.911111	106.710	0.000	17.074	0.000	13.309	0.000	2.662	0.000	4.673	0.000	1.215	0.000			
42.916667	43.872222	99.343	0.000	15.895	0.000	11.357	0.000	2.271	0.000	4.339	0.000	1.128	0.000			
44.916667	45.915972	121.609	0.000	19.457	0.000	14.000	0.000	2.800	0.000	6.113	0.000	1.589	0.000			
45.916667	46.915972	81.758	0.000	13.081	0.000	8.648	0.000	1.730	0.000	3.858	0.000	1.003	0.000			
47.916667	48.915278	73.236	0.000	11.718	0.000	7.440	0.000	1.488	0.000	2.640	0.000	0.686	0.000			
48.916667	49.915278	17.306	0.000	2.769	0.000	1.851	0.000	0.370	0.000	0.000	0.147	0.000	0.147			
50.916667	51.915972	20.365	0.000	3.258	0.000	1.764	0.000	0.353	0.000	1.200	0.000	0.312	0.000			
51.916667	52.915972	88.838	0.000	14.214	0.000	9.487	0.000	1.897	0.000	3.476	0.000	0.904	0.000			
53.916667	54.915972	107.432	0.000	17.189	0.000	11.291	0.000	2.258	0.000	4.030	0.000	1.048	0.000			
54.916667	55.915972	195.806	0.000	31.329	0.000	24.883	0.000	4.977	0.000	10.377	0.000	2.698	0.000			
56.916667	57.915972	221.303	0.000	35.409	0.000	25.563	0.000	5.113	0.000	10.030	0.000	2.608	0.000			
57.916667	58.914583	153.974	0.000	24.636	0.000	18.848	0.000	3.770	0.000	7.592	0.000	1.974	0.000			
59.916667	60.915972	107.517	0.000	17.203	0.000	8.851	0.000	1.770	0.000	4.202	0.000	1.093	0.000			
60.916667	61.915972	112.384	0.559	17.981	0.559	9.514	0.559	1.903	0.559	2.618	0.559	0.681	0.559			
63.916667	64.914583	8.007	0.000	1.281	0.000	0.604	0.000	0.121	0.000	0.000	0.147	0.000	0.147			
66.916667	67.915972	58.869	0.000	9.419	0.000	5.427	0.000	1.085	0.000	2.084	0.000	0.542	0.000			
69.916667	70.913194	47.680	0.000	7.629	0.000	4.572	0.000	0.914	0.000	2.045	0.000	0.532	0.000			
72.916667	73.911806	79.999	0.000	12.800	0.000	7.047	0.000	1.409	0.000	2.151	0.000	0.559	0.000			
75.916667	76.915972	83.142	0.000	13.303	0.000	9.897	0.000	1.979	0.000	4.395	0.000	1.143	0.000			
78.916667	79.902778	157.356	0.000	25.177	0.000	17.964	0.000	3.593	0.000	7.527	0.000	1.957	0.000			
81.916667	82.913194	51.013	0.000	8.162	0.000	6.510	0.000	1.302	0.000	2.031	0.000	0.528	0.000			
84.916667	85.915972	79.109	0.000	12.657	0.000	9.475	0.000	1.895	0.000	3.750	0.000	0.975	0.000			
87.916667	88.915972	44.555	0.000	7.129	0.000	4.724	0.000	0.945	0.000	1.742	0.000	0.453	0.000			
