ebas_test_data/HU0002R.20171128160001.20181114212426...organic_carbon.pm10.6w.3h.HU03L_Sunset_OCEC_HU2.HU03L_rtquartz.lev2.nas
107 1001
Ajtai, Tibor
HU03L, University of Szeged, SZTE, Optics and Quantumelectrinics Department, Dóm square 9, , 6720, Szeged, Hungary
Kun Szabó, Fruzsina; Motika, Gábor
EMEP COLOSSAL CAMPAIGN
1 1
2017 01 01 2018 11 14
0
days from file reference point
27
1 1 1 1 1 1 1 1 1 1 1 1 1 1 1 1 1 1 1 1 1 1 1 1 1 1 1
999.999999 99999.999 9.999999 9999.999 9.999999 99.999 9.999999 9.999 9.999999 999.999 9.999999 99.999 9.999999 99.999 9.999999 99.999 9.999999 99.999 9.999999 99.999 9.999999 9.999 9.999999 999.999 9.999999 99.999 9.999999
end_time of measurement, days from the file reference point
pressure, hPa
numflag pressure, no unit
temperature, K
numflag temperature, no unit
elemental_carbon, ug C/m3, Detection limit=0.4 ug C/m3
numflag elemental_carbon, no unit, Detection limit=0.4 ug C/m3
elemental_carbon, ug C/m3, Statistics=uncertainty
numflag elemental_carbon, no unit, Statistics=uncertainty
organic_carbon, ug C/m3, Detection limit=0.4 ug C/m3
numflag organic_carbon, no unit, Detection limit=0.4 ug C/m3
organic_carbon, ug C/m3, Statistics=uncertainty
numflag organic_carbon, no unit, Statistics=uncertainty
organic_carbon, ug C/m3, Fraction=OC1
numflag organic_carbon, no unit, Fraction=OC1
organic_carbon, ug C/m3, Fraction=OC2
numflag organic_carbon, no unit, Fraction=OC2
organic_carbon, ug C/m3, Fraction=OC3
numflag organic_carbon, no unit, Fraction=OC3
organic_carbon, ug C/m3, Fraction=OC4
numflag organic_carbon, no unit, Fraction=OC4
organic_carbon, ug C/m3, Fraction=OCPyr
numflag organic_carbon, no unit, Fraction=OCPyr
total_carbon, ug C/m3, Detection limit=0.4 ug C/m3
numflag total_carbon, no unit, Detection limit=0.4 ug C/m3
total_carbon, ug C/m3, Statistics=uncertainty
numflag total_carbon, no unit, Statistics=uncertainty
0
66
Data definition:              EBAS_1.1
Set type code:                TI
Timezone:                     UTC
File name:                    HU0002R.20171128160001.20181114212426.online_thermal-optical_analysis.organic_carbon.pm10.6w.3h.HU03L_SunsetLaboratoryOCEC_HU2.HU03L_rtquartz.lev2.nas
File creation:                20181114212426
Startdate:                    20171128160001
Revision date:                20181114212426
Version:                      1
Version description:          initial revision
Statistics:                   arithmetic mean
Data level:                   2
Period code:                  6w
Resolution code:              3h
Sample duration:              156mn
Orig. time res.:              3h
Station code:                 HU0002R
Platform code:                HU0002S
Station name:                 K-puszta
Station WDCA-ID:              GAWAHU__KPS
Station GAW-ID:               KPS
Station GAW-Name:             K-Puszta
Station land use:             Forest
Station setting:              Rural
Station GAW type:             R
Station WMO region:           6
Station latitude:             46.96682
Station longitude:            19.545776
Station altitude:             122.0 m
Measurement height:           4.0 m
Regime:                       IMG
Component:                    organic_carbon
Unit:                         ug C/m3
Matrix:                       pm10
Laboratory code:              HU03L
Instrument type:              online_thermal-optical_analysis
Instrument name:              SunsetLaboratoryOCEC_HU2
[...]
Medium:                       Quartz
Filter prefiring:             Prefired by previous analysis
Filter conditioning:          None
Sample preparation:           None
Blank correction:             Not blank corrected
Artifact correction:          None
Artifact correction description: No denuder used.
Charring correction:          By laser transmission
Humidity/temperature control: None
Humidity/temperature control description: filter kept at ambient conditions
Volume std. temperature:      ambient
Volume std. pressure:         ambient
Zero/negative values code:    Zero/negative possible
Zero/negative values:         Zero and neg. values may appear due to statistical variations at very low concentrations
Originator:                   Ajtai, Tibor, ajtai@titan.physx.u-szeged.hu, University of Szeged, SZTE, Optics and Quantumelectrinics Department, Dóm square 9, , 6720, Szeged, Hungary
Submitter:                    Kun Szabó, Fruzsina, kszfruzsina@titan.physx.u-szeged.hu, University of Szeged, SZTE, Optics and Quantumelectrinics Department, Dóm square 9, , 6720, Szeged, Hungary
Submitter:                    Motika, Gábor, motika.gabor@gmail.com, University of Szeged, SZTE, Optics and Quantumelectrinics Department, Dóm square 9, , 6720, Szeged, Hungary
Acknowledgement:              Request acknowledgement details from data originator
starttime	endtime	press	flag_press	temp	flag_temp	EC	flag_EC	EC_unc	flag_EC_unc	OC	flag_OC	OC_unc	flag_OC_unc	OC_peak1	flag_OC_peak1	OC_peak2	flag_OC_peak2	OC_peak3	flag_OC_peak3	OC_peak4	flag_OC_peak4	OC_pyr	flag_OC_pyr	TC	flag_TC	TC_unc	flag_TC_unc
[from data line 73]
340.791678	340.899988	1002.687	0.000000	274.073	0.000000	2.614	0.000000	0.291	0.000000	13.447	0.000000	0.833	0.000000	1.606	0.000000	2.148	0.000000	5.223	0.000000	4.446	0.000000	0.094	0.000000	16.062	0.000000	1.043	0.000000
340.916678	341.024988	1000.704	0.000000	273.221	0.000000	99.999	0.659999	9.999	0.659999	999.999	0.659999	99.999	0.659999	99.999	0.659999	99.999	0.659999	99.999	0.659999	99.999	0.659999	9.999	0.659999	999.999	0.659999	99.999	0.659999
341.041678	341.149988	998.379	0.000000	273.971	0.000000	99.999	0.659999	9.999	0.659999	999.999	0.659999	99.999	0.659999	99.999	0.659999	99.999	0.659999	99.999	0.659999	99.999	0.659999	9.999	0.659999	999.999	0.659999	99.999	0.659999
341.166678	341.274988	996.534	0.000000	274.144	0.000000	99.999	0.659999	9.999	0.659999	999.999	0.659999	99.999	0.659999	99.999	0.659999	99.999	0.659999	99.999	0.659999	99.999	0.659999	9.999	0.659999	999.999	0.659999	99.999	0.659999
341.291678	341.399988	994.850	0.000000	277.644	0.000000	99.999	0.659999	9.999	0.659999	999.999	0.659999	99.999	0.659999	99.999	0.659999	99.999	0.659999	99.999	0.659999	99.999	0.659999	9.999	0.659999	999.999	0.659999	99.999	0.659999
341.416678	341.524988	992.508	0.000000	282.971	0.000000	99.999	0.659999	9.999	0.659999	999.999	0.659999	99.999	0.659999	99.999	0.659999	99.999	0.659999	99.999	0.659999	99.999	0.659999	9.999	0.659999	999.999	0.659999	99.999	0.659999
341.541678	341.649988	991.551	0.000000	281.342	0.000000	99.999	0.659999	9.999	0.659999	999.999	0.659999	99.999	0.659999	99.999	0.659999	99.999	0.659999	99.999	0.659999	99.999	0.659999	9.999	0.659999	999.999	0.659999	99.999	0.659999
341.666678	341.774988	990.816	0.000000	280.035	0.000000	99.999	0.659999	9.999	0.659999	999.999	0.659999	99.999	0.659999	99.999	0.659999	99.999	0.659999	99.999	0.659999	99.999	0.659999	9.999	0.659999	999.999	0.659999	99.999	0.659999
341.791678	341.899988	989.338	0.000000	279.426	0.000000	99.999	0.659999	9.999	0.659999	999.999	0.659999	99.999	0.659999	99.999	0.659999	99.999	0.659999	99.999	0.659999	99.999	0.659999	9.999	0.659999	999.999	0.659999	99.999	0.659999
341.916678	342.024988	988.739	0.000000	275.663	0.000000	99.999	0.659999	9.999	0.659999	999.999	0.659999	99.999	0.659999	99.999	0.659999	99.999	0.659999	99.999	0.659999	99.999	0.659999	9.999	0.659999	999.999	0.659999	99.999	0.659999
342.041678	342.149988	987.389	0.000000	274.477	0.000000	99.999	0.659999	9.999	0.659999	999.999	0.659999	99.999	0.659999	99.999	0.659999	99.999	0.659999	99.999	0.659999	99.999	0.659999	9.999	0.659999	999.999	0.659999	99.999	0.659999
342.166678	342.274988	985.697	0.000000	274.163	0.000000	99.999	0.659999	9.999	0.659999	999.999	0.659999	99.999	0.659999	99.999	0.659999	99.999	0.659999	99.999	0.659999	99.999	0.659999	9.999	0.659999	999.999	0.659999	99.999	0.659999
342.291678	342.399988	985.953	0.000000	274.176	0.000000	99.999	0.659999	9.999	0.659999	999.999	0.659999	99.999	0.659999	99.999	0.659999	99.999	0.659999	99.999	0.659999	99.999	0.659999	9.999	0.659999	999.999	0.659999	99.999	0.659999
342.416678	342.524988	985.586	0.000000	275.144	0.000000	99.999	0.659999	9.999	0.659999	999.999	0.659999	99.999	0.659999	99.999	0.659999	99.999	0.659999	99.999	0.659999	99.999	0.659999	9.999	0.659999	999.999	0.659999	99.999	0.659999
342.541678	342.649988	986.722	0.000000	274.900	0.000000	99.999	0.659999	9.999	0.659999	999.999	0.659999	99.999	0.659999	99.999	0.659999	99.999	0.659999	99.999	0.659999	99.999	0.659999	9.999	0.659999	999.999	0.659999	99.999	0.659999
342.666678	342.774988	988.808	0.000000	274.150	0.000000	99.999	0.659999	9.999	0.659999	999.999	0.659999	99.999	0.659999	99.999	0.659999	99.999	0.659999	99.999	0.659999	99.999	0.659999	9.999	0.659999	999.999	0.659999	99.999	0.659999
342.791678	342.899988	990.551	0.000000	272.964	0.000000	99.999	0.659999	9.999	0.659999	999.999	0.659999	99.999	0.659999	99.999	0.659999	99.999	0.659999	99.999	0.659999	99.999	0.659999	9.999	0.659999	999.999	0.659999	99.999	0.659999
342.916678	343.024988	991.619	0.000000	272.144	0.000000	99.999	0.659999	9.999	0.659999	999.999	0.659999	99.999	0.659999	99.999	0.659999	99.999	0.659999	99.999	0.659999	99.999	0.659999	9.999	0.659999	999.999	0.659999	99.999	0.659999
343.041678	343.149988	992.859	0.000000	270.688	0.000000	99.999	0.659999	9.999	0.659999	999.999	0.659999	99.999	0.659999	99.999	0.659999	99.999	0.659999	99.999	0.659999	99.999	0.659999	9.999	0.659999	999.999	0.659999	99.999	0.659999
343.166678	343.274988	993.414	0.000000	270.150	0.000000	99.999	0.659999	9.999	0.659999	999.999	0.659999	99.999	0.659999	99.999	0.659999	99.999	0.659999	99.999	0.659999	99.999	0.659999	9.999	0.659999	999.999	0.659999	99.999	0.659999
343.291678	343.399988	994.055	0.000000	272.381	0.000000	99.999	0.659999	9.999	0.659999	999.999	0.659999	99.999	0.659999	99.999	0.659999	99.999	0.659999	99.999	0.659999	99.999	0.659999	9.999	0.659999	999.999	0.659999	99.999	0.659999
343.416678	343.524988	992.192	0.000000	277.169	0.000000	99.999	0.659999	9.999	0.659999	999.999	0.659999	99.999	0.659999	99.999	0.659999	99.999	0.659999	99.999	0.659999	99.999	0.659999	9.999	0.659999	999.999	0.659999	99.999	0.659999
343.541678	343.649988	989.124	0.000000	275.688	0.000000	99.999	0.659999	9.999	0.659999	999.999	0.659999	99.999	0.659999	99.999	0.659999	99.999	0.659999	99.999	0.659999	99.999	0.659999	9.999	0.659999	999.999	0.659999	99.999	0.659999
343.666678	343.774988	986.611	0.000000	274.131	0.000000	99.999	0.659999	9.999	0.659999	999.999	0.659999	99.999	0.659999	99.999	0.659999	99.999	0.659999	99.999	0.659999	99.999	0.659999	9.999	0.659999	999.999	0.659999	99.999	0.659999
343.791678	343.899988	985.201	0.000000	275.221	0.000000	99.999	0.659999	9.999	0.659999	999.999	0.659999	99.999	0.659999	99.999	0.659999	99.999	0.659999	99.999	0.659999	99.999	0.659999	9.999	0.659999	999.999	0.659999	99.999	0.659999
343.916678	344.024988	985.287	0.000000	275.406	0.000000	99.999	0.659999	9.999	0.659999	999.999	0.659999	99.999	0.659999	99.999	0.659999	99.999	0.659999	99.999	0.659999	99.999	0.659999	9.999	0.659999	999.999	0.659999	99.999	0.659999
344.041678	344.149988	984.509	0.000000	276.221	0.000000	99.999	0.659999	9.999	0.659999	999.999	0.659999	99.999	0.659999	99.999	0.659999	99.999	0.659999	99.999	0.659999	99.999	0.659999	9.999	0.659999	999.999	0.659999	99.999	0.659999
344.166678	344.274988	983.466	0.000000	278.041	0.000000	99.999	0.659999	9.999	0.659999	999.999	0.659999	99.999	0.659999	99.999	0.659999	99.999	0.659999	99.999	0.659999	99.999	0.659999	9.999	0.659999	999.999	0.659999	99.999	0.659999
344.291678	344.399988	984.270	0.000000	280.624	0.000000	99.999	0.659999	9.999	0.659999	999.999	0.659999	99.999	0.659999	99.999	0.659999	99.999	0.659999	99.999	0.659999	99.999	0.659999	9.999	0.659999	999.999	0.659999	99.999	0.659999
344.416678	344.524988	983.859	0.000000	282.560	0.000000	99.999	0.659999	9.999	0.659999	999.999	0.659999	99.999	0.659999	99.999	0.659999	99.999	0.659999	99.999	0.659999	99.999	0.659999	9.999	0.659999	999.999	0.659999	99.999	0.659999
344.541678	344.649988	983.458	0.000000	283.150	0.000000	99.999	0.659999	9.999	0.659999	999.999	0.659999	99.999	0.659999	99.999	0.659999	99.999	0.659999	99.999	0.659999	99.999	0.659999	9.999	0.659999	999.999	0.659999	99.999	0.659999
344.666678	344.774988	984.005	0.000000	283.714	0.000000	99.999	0.659999	9.999	0.659999	999.999	0.659999	99.999	0.659999	99.999	0.659999	99.999	0.659999	99.999	0.659999	99.999	0.659999	9.999	0.659999	999.999	0.659999	99.999	0.659999
344.791678	344.899988	984.253	0.000000	283.195	0.000000	99.999	0.659999	9.999	0.659999	999.999	0.659999	99.999	0.659999	99.999	0.659999	99.999	0.659999	99.999	0.659999	99.999	0.659999	9.999	0.659999	999.999	0.659999	99.999	0.659999
344.916678	345.024988	985.022	0.000000	280.951	0.000000	99.999	0.659999	9.999	0.659999	999.999	0.659999	99.999	0.659999	99.999	0.659999	99.999	0.659999	99.999	0.659999	99.999	0.659999	9.999	0.659999	999.999	0.659999	99.999	0.659999
345.041678	345.149988	984.782	0.000000	280.240	0.000000	99.999	0.659999	9.999	0.659999	999.999	0.659999	99.999	0.659999	99.999	0.659999	99.999	0.659999	99.999	0.659999	99.999	0.659999	9.999	0.659999	999.999	0.659999	99.999	0.659999
345.166678	345.274988	985.492	0.000000	281.035	0.000000	99.999	0.659999	9.999	0.659999	999.999	0.659999	99.999	0.659999	99.999	0.659999	99.999	0.659999	99.999	0.659999	99.999	0.659999	9.999	0.659999	999.999	0.659999	99.999	0.659999
345.291678	345.399988	987.252	0.000000	282.240	0.000000	99.999	0.659999	9.999	0.659999	999.999	0.659999	99.999	0.659999	99.999	0.659999	99.999	0.659999	99.999	0.659999	99.999	0.659999	9.999	0.659999	999.999	0.659999	99.999	0.659999
345.416678	345.524988	987.842	0.000000	286.419	0.000000	99.999	0.659999	9.999	0.659999	999.999	0.659999	99.999	0.659999	99.999	0.659999	99.999	0.659999	99.999	0.659999	99.999	0.659999	9.999	0.659999	999.999	0.659999	99.999	0.659999
345.541678	345.649988	990.944	0.000000	283.022	0.000000	99.999	0.659999	9.999	0.659999	999.999	0.659999	99.999	0.659999	99.999	0.659999	99.999	0.659999	99.999	0.659999	99.999	0.659999	9.999	0.659999	999.999	0.659999	99.999	0.659999
345.666678	345.774988	992.534	0.000000	281.253	0.000000	99.999	0.659999	9.999	0.659999	999.999	0.659999	99.999	0.659999	99.999	0.659999	99.999	0.659999	99.999	0.659999	99.999	0.659999	9.999	0.659999	999.999	0.659999	99.999	0.659999
345.791678	345.899988	994.012	0.000000	279.663	0.000000	99.999	0.659999	9.999	0.659999	999.999	0.659999	99.999	0.659999	99.999	0.659999	99.999	0.659999	99.999	0.659999	99.999	0.659999	9.999	0.659999	999.999	0.659999	99.999	0.659999
345.916678	346.024988	995.363	0.000000	277.272	0.000000	99.999	0.659999	9.999	0.659999	999.999	0.659999	99.999	0.659999	99.999	0.659999	99.999	0.659999	99.999	0.659999	99.999	0.659999	9.999	0.659999	999.999	0.659999	99.999	0.659999
346.041678	346.149988	996.158	0.000000	275.381	0.000000	99.999	0.659999	9.999	0.659999	999.999	0.659999	99.999	0.659999	99.999	0.659999	99.999	0.659999	99.999	0.659999	99.999	0.659999	9.999	0.659999	999.999	0.659999	99.999	0.659999
346.166678	346.274988	997.260	0.000000	275.163	0.000000	99.999	0.659999	9.999	0.659999	999.999	0.659999	99.999	0.659999	99.999	0.659999	99.999	0.659999	99.999	0.659999	99.999	0.659999	9.999	0.659999	999.999	0.659999	99.999	0.659999
346.291678	346.399988	998.525	0.000000	276.355	0.000000	99.999	0.659999	9.999	0.659999	999.999	0.659999	99.999	0.659999	99.999	0.659999	99.999	0.659999	99.999	0.659999	99.999	0.659999	9.999	0.659999	999.999	0.659999	99.999	0.659999
346.416678	346.524988	998.303	0.000000	277.663	0.000000	99.999	0.659999	9.999	0.659999	999.999	0.659999	99.999	0.659999	99.999	0.659999	99.999	0.659999	99.999	0.659999	99.999	0.659999	9.999	0.659999	999.999	0.659999	99.999	0.659999
346.541678	346.649988	997.132	0.000000	276.438	0.000000	99.999	0.659999	9.999	0.659999	999.999	0.659999	99.999	0.659999	99.999	0.659999	99.999	0.659999	99.999	0.659999	99.999	0.659999	9.999	0.659999	999.999	0.659999	99.999	0.659999
346.666678	346.774988	995.995	0.000000	270.919	0.000000	99.999	0.659999	9.999	0.659999	999.999	0.659999	99.999	0.659999	99.999	0.659999	99.999	0.659999	99.999	0.659999	99.999	0.659999	9.999	0.659999	999.999	0.659999	99.999	0.659999
346.791678	346.899988	994.730	0.000000	270.240	0.000000	99.999	0.659999	9.999	0.659999	999.999	0.659999	99.999	0.659999	99.999	0.659999	99.999	0.659999	99.999	0.659999	99.999	0.659999	9.999	0.659999	999.999	0.659999	99.999	0.659999
346.916678	347.024988	992.183	0.000000	272.150	0.000000	99.999	0.659999	9.999	0.659999	999.999	0.659999	99.999	0.659999	99.999	0.659999	99.999	0.659999	99.999	0.659999	99.999	0.659999	9.999	0.659999	999.999	0.659999	99.999	0.659999
347.041678	347.149988	989.526	0.000000	273.150	0.000000	99.999	0.659999	9.999	0.659999	999.999	0.659999	99.999	0.659999	99.999	0.659999	99.999	0.659999	99.999	0.659999	99.999	0.659999	9.999	0.659999	999.999	0.659999	99.999	0.659999
347.166678	347.274988	987.030	0.000000	273.163	0.000000	99.999	0.659999	9.999	0.659999	999.999	0.659999	99.999	0.659999	99.999	0.659999	99.999	0.659999	99.999	0.659999	99.999	0.659999	9.999	0.659999	999.999	0.659999	99.999	0.659999
347.29169	347.400000	986.603	0.000000	275.137	0.000000	99.999	0.659999	9.999	0.659999	999.999	0.659999	99.999	0.659999	99.999	0.659999	99.999	0.659999	99.999	0.659999	99.999	0.659999	9.999	0.659999	999.999	0.659999	99.999	0.659999
347.416678	347.524988	986.141	0.000000	278.067	0.000000	99.999	0.659999	9.999	0.659999	999.999	0.659999	99.999	0.659999	99.999	0.659999	99.999	0.659999	99.999	0.659999	99.999	0.659999	9.999	0.659999	999.999	0.659999	99.999	0.659999
347.541678	347.649988	986.577	0.000000	278.560	0.000000	99.999	0.659999	9.999	0.659999	999.999	0.659999	99.999	0.659999	99.999	0.659999	99.999	0.659999	99.999	0.659999	99.999	0.659999	9.999	0.659999	999.999	0.659999	99.999	0.659999
347.666678	347.774988	986.782	0.000000	277.996	0.000000	99.999	0.659999	9.999	0.659999	999.999	0.659999	99.999	0.659999	99.999	0.659999	99.999	0.659999	99.999	0.659999	99.999	0.659999	9.999	0.659999	999.999	0.659999	99.999	0.659999
347.791678	347.899988	986.201	0.000000	277.400	0.000000	99.999	0.659999	9.999	0.659999	999.999	0.659999	99.999	0.659999	99.999	0.659999	99.999	0.659999	99.999	0.659999	99.999	0.659999	9.999	0.659999	999.999	0.659999	99.999	0.659999
347.916678	348.024988	983.697	0.000000	276.471	0.000000	99.999	0.659999	9.999	0.659999	999.999	0.659999	99.999	0.659999	99.999	0.659999	99.999	0.659999	99.999	0.659999	99.999	0.659999	9.999	0.659999	999.999	0.659999	99.999	0.659999
348.041678	348.149988	982.167	0.000000	278.227	0.000000	99.999	0.659999	9.999	0.659999	999.999	0.659999	99.999	0.659999	99.999	0.659999	99.999	0.659999	99.999	0.659999	99.999	0.659999	9.999	0.659999	999.999	0.659999	99.999	0.659999
348.166678	348.274988	981.176	0.000000	279.150	0.000000	99.999	0.659999	9.999	0.659999	999.999	0.659999	99.999	0.659999	99.999	0.659999	99.999	0.659999	99.999	0.659999	99.999	0.659999	9.999	0.659999	999.999	0.659999	99.999	0.659999
348.291678	348.399988	981.125	0.000000	280.618	0.000000	99.999	0.659999	9.999	0.659999	999.999	0.659999	99.999	0.659999	99.999	0.659999	99.999	0.659999	99.999	0.659999	99.999	0.659999	9.999	0.659999	999.999	0.659999	99.999	0.659999
348.416678	348.524988	980.526	0.000000	280.355	0.000000	99.999	0.659999	9.999	0.659999	999.999	0.659999	99.999	0.659999	99.999	0.659999	99.999	0.659999	99.999	0.659999	99.999	0.659999	9.999	0.659999	999.999	0.659999	99.999	0.659999
348.541678	348.649988	982.227	0.000000	277.810	0.000000	99.999	0.659999	9.999	0.659999	999.999	0.659999	99.999	0.659999	99.999	0.659999	99.999	0.659999	99.999	0.659999	99.999	0.659999	9.999	0.659999	999.999	0.659999	99.999	0.659999
348.666678	348.774988	981.441	0.000000	276.791	0.000000	99.999	0.659999	9.999	0.659999	999.999	0.659999	99.999	0.659999	99.999	0.659999	99.999	0.659999	99.999	0.659999	99.999	0.659999	9.999	0.659999	999.999	0.659999	99.999	0.659999
348.791678	348.899988	979.672	0.000000	276.355	0.000000	99.999	0.659999	9.999	0.659999	999.999	0.659999	99.999	0.659999	99.999	0.659999	99.999	0.659999	99.999	0.659999	99.999	0.659999	9.999	0.659999	999.999	0.659999	99.999	0.659999
348.916678	349.024988	977.697	0.000000	276.118	0.000000	99.999	0.659999	9.999	0.659999	999.999	0.659999	99.999	0.659999	99.999	0.659999	99.999	0.659999	99.999	0.659999	99.999	0.659999	9.999	0.659999	999.999	0.659999	99.999	0.659999
349.041678	349.149988	977.433	0.000000	275.945	0.000000	99.999	0.659999	9.999	0.659999	999.999	0.659999	99.999	0.659999	99.999	0.659999	99.999	0.659999	99.999	0.659999	99.999	0.659999	9.999	0.659999	999.999	0.659999	99.999	0.659999
349.166678	349.274988	978.962	0.000000	275.214	0.000000	99.999	0.659999	9.999	0.659999	999.999	0.659999	99.999	0.659999	99.999	0.659999	99.999	0.659999	99.999	0.659999	99.999	0.659999	9.999	0.659999	999.999	0.659999	99.999	0.659999
