ebas_test_data/HU0002R.20180109160001.20181114212540...organic_carbon.pm10.6w.6h.HU03L_Sunset_OCEC_HU2.HU03L_rtquartz.lev2.nas
107 1001
Ajtai, Tibor
HU03L, University of Szeged, SZTE, Optics and Quantumelectrinics Department, Dóm square 9, , 6720, Szeged, Hungary
Kun Szabó, Fruzsina; Motika, Gábor
EMEP COLOSSAL CAMPAIGN
1 1
2018 01 01 2018 11 14
0
days from file reference point
27
1 1 1 1 1 1 1 1 1 1 1 1 1 1 1 1 1 1 1 1 1 1 1 1 1 1 1
99.999999 99999.999 9.999999 9999.999 9.999999 99.999 9.999999 9.999 9.999999 999.999 9.999999 99.999 9.999999 99.999 9.999999 99.999 9.999999 99.999	9.999999 99.999 9.999999 9.999 9.999999 999.999 9.999999 99.999 9.999999
end_time of measurement, days from the file reference point
pressure, hPa
numflag pressure, no unit
temperature, K
numflag temperature, no unit
elemental_carbon, ug C/m3, Detection limit=0.4 ug C/m3
numflag elemental_carbon, no unit, Detection limit=0.4 ug C/m3
elemental_carbon, ug C/m3, Statistics=uncertainty
numflag elemental_carbon, no unit, Statistics=uncertainty
organic_carbon, ug C/m3, Detection limit=0.4 ug C/m3
numflag organic_carbon, no unit, Detection limit=0.4 ug C/m3
organic_carbon, ug C/m3, Statistics=uncertainty
numflag organic_carbon, no unit, Statistics=uncertainty
organic_carbon, ug C/m3, Fraction=OC1
numflag organic_carbon, no unit, Fraction=OC1
organic_carbon, ug C/m3, Fraction=OC2
numflag organic_carbon, no unit, Fraction=OC2
organic_carbon, ug C/m3, Fraction=OC3
numflag organic_carbon, no unit, Fraction=OC3
organic_carbon, ug C/m3, Fraction=OC4
numflag organic_carbon, no unit, Fraction=OC4
organic_carbon, ug C/m3, Fraction=OCPyr
numflag organic_carbon, no unit, Fraction=OCPyr
total_carbon, ug C/m3, Detection limit=0.4 ug C/m3
numflag total_carbon, no unit, Detection limit=0.4 ug C/m3
total_carbon, ug C/m3, Statistics=uncertainty
numflag total_carbon, no unit, Statistics=uncertainty
0
66
Data definition:              EBAS_1.1
Set type code:                TI
Timezone:                     UTC
File name:                    HU0002R.20180109160001.20181114212540.online_thermal-optical_analysis.organic_carbon.pm10.6w.6h.HU03L_SunsetLaboratoryOCEC_HU2.HU03L_rtquartz.lev2.nas
File creation:                20181114212540
Startdate:                    20180109160001
Revision date:                20181114212540
Version:                      1
Version description:          initial revision
Statistics:                   arithmetic mean
Data level:                   2
Period code:                  6w
Resolution code:              6h
Sample duration:              6h
Orig. time res.:              6h
Station code:                 HU0002R
Platform code:                HU0002S
Station name:                 K-puszta
Station WDCA-ID:              GAWAHU__KPS
Station GAW-ID:               KPS
Station GAW-Name:             K-Puszta
Station land use:             Forest
Station setting:              Rural
Station GAW type:             R
Station WMO region:           6
Station latitude:             46.96682
Station longitude:            19.545776
Station altitude:             122.0 m
Measurement height:           4.0 m
Regime:                       IMG
Component:                    organic_carbon
Unit:                         ug C/m3
Matrix:                       pm10
Laboratory code:              HU03L
Instrument type:              online_thermal-optical_analysis
Instrument name:              SunsetLaboratoryOCEC_HU2
[...]
Medium:                       Quartz
Filter prefiring:             Prefired by previous analysis
Filter conditioning:          None
Sample preparation:           None
Blank correction:             Not blank corrected
Artifact correction:          None
Artifact correction description: No denuder used.
Charring correction:          By laser transmission
Humidity/temperature control: None
Humidity/temperature control description: filter kept at ambient conditions
Volume std. temperature:      ambient
Volume std. pressure:         ambient
Zero/negative values code:    Zero/negative possible
Zero/negative values:         Zero and neg. values may appear due to statistical variations at very low concentrations
Originator:                   Ajtai, Tibor, ajtai@titan.physx.u-szeged.hu, University of Szeged, SZTE, Optics and Quantumelectrinics Department, Dóm square 9, , 6720, Szeged, Hungary
Submitter:                    Kun Szabó, Fruzsina, kszfruzsina@titan.physx.u-szeged.hu, University of Szeged, SZTE, Optics and Quantumelectrinics Department, Dóm square 9, , 6720, Szeged, Hungary
Submitter:                    Motika, Gábor, motika.gabor@gmail.com, University of Szeged, SZTE, Optics and Quantumelectrinics Department, Dóm square 9, , 6720, Szeged, Hungary
Acknowledgement:              Request acknowledgement details from data originator
starttime	endtime	press	flag_press	temp	flag_temp	EC	flag_EC	EC_unc	flag_EC_unc	OC	flag_OC	OC_unc	flag_OC_unc	OC_peak1	flag_OC_peak1	OC_peak2	flag_OC_peak2	OC_peak3	flag_OC_peak3	OC_peak4	flag_OC_peak4	OC_pyr	flag_OC_pyr	TC	flag_TC	TC_unc	flag_TC_unc
[from data line 72]
27.166678	27.399988	1012.167	0.000000	273.355	0.000000	99.999	        0.659999	9.999	0.659999	999.999	0.659999	99.999	        0.659999	99.999	        0.659999	99.999	        0.659999	99.999	        0.659999	99.999	        0.659999	9.999	0.659999	999.999	0.659999	99.999	        0.659999
27.416678	27.649988	1010.945	0.000000	280.412	0.000000	99.999	        0.659999	9.999	0.659999	999.999	0.659999	99.999	        0.659999	99.999	        0.659999	99.999	        0.659999	99.999	        0.659999	99.999	        0.659999	9.999	0.659999	999.999	0.659999	99.999	        0.659999
27.666678	27.899988	1010.139	0.000000	276.641	0.000000	99.999	        0.659999	9.999	0.659999	999.999	0.659999	99.999	        0.659999	99.999	        0.659999	99.999	        0.659999	99.999	        0.659999	99.999	        0.659999	9.999	0.659999	999.999	0.659999	99.999	        0.659999
27.916678	28.149988	1008.897	0.000000	274.638	0.000000	99.999	        0.659999	9.999	0.659999	999.999	0.659999	99.999	        0.659999	99.999	        0.659999	99.999	        0.659999	99.999	        0.659999	99.999	        0.659999	9.999	0.659999	999.999	0.659999	99.999	        0.659999
28.166678	28.399988	1007.723	0.000000	274.343	0.000000	99.999	        0.659999	9.999	0.659999	999.999	0.659999	99.999	        0.659999	99.999	        0.659999	99.999	        0.659999	99.999	        0.659999	99.999	        0.659999	9.999	0.659999	999.999	0.659999	99.999	        0.659999
28.416678	28.649988	1004.687	0.000000	284.849	0.000000	99.999	        0.659999	9.999	0.659999	999.999	0.659999	99.999	        0.659999	99.999	        0.659999	99.999	        0.659999	99.999	        0.659999	99.999	        0.659999	9.999	0.659999	999.999	0.659999	99.999	        0.659999
28.666678	28.899988	1001.350	0.000000	276.153	0.000000	99.999	        0.659999	9.999	0.659999	999.999	0.659999	99.999	        0.659999	99.999	        0.659999	99.999	        0.659999	99.999	        0.659999	99.999	        0.659999	9.999	0.659999	999.999	0.659999	99.999	        0.659999
28.916678	29.149988	999.311	0.000000	275.308	0.000000	99.999	        0.659999	9.999	0.659999	999.999	0.659999	99.999	        0.659999	99.999	        0.659999	99.999	        0.659999	99.999	        0.659999	99.999	        0.659999	9.999	0.659999	999.999	0.659999	99.999	        0.659999
29.166678	29.399988	1000.517	0.000000	281.573	0.000000	99.999	        0.659999	9.999	0.659999	999.999	0.659999	99.999	        0.659999	99.999	        0.659999	99.999	        0.659999	99.999	        0.659999	99.999	        0.659999	9.999	0.659999	999.999	0.659999	99.999	        0.659999
29.416678	29.649988	1003.041	0.000000	285.730	0.000000	99.999	        0.659999	9.999	0.659999	999.999	0.659999	99.999	        0.659999	99.999	        0.659999	99.999	        0.659999	99.999	        0.659999	99.999	        0.659999	9.999	0.659999	999.999	0.659999	99.999	        0.659999
29.666678	29.899988	1005.096	0.000000	273.549	0.000000	99.999	        0.659999	9.999	0.659999	999.999	0.659999	99.999	        0.659999	99.999	        0.659999	99.999	        0.659999	99.999	        0.659999	99.999	        0.659999	9.999	0.659999	999.999	0.659999	99.999	        0.659999
29.916678	30.149988	1004.013	0.000000	270.096	0.000000	99.999	        0.659999	9.999	0.659999	999.999	0.659999	99.999	        0.659999	99.999	        0.659999	99.999	        0.659999	99.999	        0.659999	99.999	        0.659999	9.999	0.659999	999.999	0.659999	99.999	        0.659999
30.166678	30.399988	1002.239	0.000000	273.888	0.000000	99.999	        0.659999	9.999	0.659999	999.999	0.659999	99.999	        0.659999	99.999	        0.659999	99.999	        0.659999	99.999	        0.659999	99.999	        0.659999	9.999	0.659999	999.999	0.659999	99.999	        0.659999
30.416678	30.649988	997.859	0.000000	285.805	0.000000	99.999	        0.659999	9.999	0.659999	999.999	0.659999	99.999	        0.659999	99.999	        0.659999	99.999	        0.659999	99.999	        0.659999	99.999	        0.659999	9.999	0.659999	999.999	0.659999	99.999	        0.659999
30.666678	30.899988	993.133	0.000000	279.835	0.000000	99.999	        0.659999	9.999	0.659999	999.999	0.659999	99.999	        0.659999	99.999	        0.659999	99.999	        0.659999	99.999	        0.659999	99.999	        0.659999	9.999	0.659999	999.999	0.659999	99.999	        0.659999
30.916678	31.149988	989.570	0.000000	278.457	0.000000	99.999	        0.659999	9.999	0.659999	999.999	0.659999	99.999	        0.659999	99.999	        0.659999	99.999	        0.659999	99.999	        0.659999	99.999	        0.659999	9.999	0.659999	999.999	0.659999	99.999	        0.659999
31.166678	31.399988	986.709	0.000000	279.564	0.000000	99.999	        0.659999	9.999	0.659999	999.999	0.659999	99.999	        0.659999	99.999	        0.659999	99.999	        0.659999	99.999	        0.659999	99.999	        0.659999	9.999	0.659999	999.999	0.659999	99.999	        0.659999
31.416678	31.649988	984.308	0.000000	285.483	0.000000	99.999	        0.659999	9.999	0.659999	999.999	0.659999	99.999	        0.659999	99.999	        0.659999	99.999	        0.659999	99.999	        0.659999	99.999	        0.659999	9.999	0.659999	999.999	0.659999	99.999	        0.659999
31.666678	31.899988	983.879	0.000000	283.644	0.000000	99.999	        0.659999	9.999	0.659999	999.999	0.659999	99.999	        0.659999	99.999	        0.659999	99.999	        0.659999	99.999	        0.659999	99.999	        0.659999	9.999	0.659999	999.999	0.659999	99.999	        0.659999
31.916678	32.149988	983.844	0.000000	280.055	0.000000	99.999	        0.659999	9.999	0.659999	999.999	0.659999	99.999	        0.659999	99.999	        0.659999	99.999	        0.659999	99.999	        0.659999	99.999	        0.659999	9.999	0.659999	999.999	0.659999	99.999	        0.659999
32.166678	32.399988	984.598	0.000000	277.483	0.000000	99.999	        0.659999	9.999	0.659999	999.999	0.659999	99.999	        0.659999	99.999	        0.659999	99.999	        0.659999	99.999	        0.659999	99.999	        0.659999	9.999	0.659999	999.999	0.659999	99.999	        0.659999
32.416678	32.649988	983.356	0.000000	279.849	0.000000	99.999	        0.659999	9.999	0.659999	999.999	0.659999	99.999	        0.659999	99.999	        0.659999	99.999	        0.659999	99.999	        0.659999	99.999	        0.659999	9.999	0.659999	999.999	0.659999	99.999	        0.659999
32.666678	32.899988	983.451	0.000000	276.275	0.000000	99.999	        0.659999	9.999	0.659999	999.999	0.659999	99.999	        0.659999	99.999	        0.659999	99.999	        0.659999	99.999	        0.659999	99.999	        0.659999	9.999	0.659999	999.999	0.659999	99.999	        0.659999
32.916678	33.149988	983.832	0.000000	275.150	0.000000	99.999	        0.659999	9.999	0.659999	999.999	0.659999	99.999	        0.659999	99.999	        0.659999	99.999	        0.659999	99.999	        0.659999	99.999	        0.659999	9.999	0.659999	999.999	0.659999	99.999	        0.659999
33.166678	33.399988	981.031	0.000000	274.596	0.000000	99.999	        0.659999	9.999	0.659999	999.999	0.659999	99.999	        0.659999	99.999	        0.659999	99.999	        0.659999	99.999	        0.659999	99.999	        0.659999	9.999	0.659999	999.999	0.659999	99.999	        0.659999
33.416678	33.649988	977.900	0.000000	273.415	0.000000	99.999	        0.659999	9.999	0.659999	999.999	0.659999	99.999	        0.659999	99.999	        0.659999	99.999	        0.659999	99.999	        0.659999	99.999	        0.659999	9.999	0.659999	999.999	0.659999	99.999	        0.659999
33.666678	33.899988	980.197	0.000000	272.912	0.000000	99.999	        0.659999	9.999	0.659999	999.999	0.659999	99.999	        0.659999	99.999	        0.659999	99.999	        0.659999	99.999	        0.659999	99.999	        0.659999	9.999	0.659999	999.999	0.659999	99.999	        0.659999
33.916678	34.149988	983.241	0.000000	272.891	0.000000	99.999	        0.659999	9.999	0.659999	999.999	0.659999	99.999	        0.659999	99.999	        0.659999	99.999	        0.659999	99.999	        0.659999	99.999	        0.659999	9.999	0.659999	999.999	0.659999	99.999	        0.659999
34.166678	34.399988	988.288	0.000000	273.567	0.000000	99.999	        0.659999	9.999	0.659999	999.999	0.659999	99.999	        0.659999	99.999	        0.659999	99.999	        0.659999	99.999	        0.659999	99.999	        0.659999	9.999	0.659999	999.999	0.659999	99.999	        0.659999
34.416678	34.649988	992.351	0.000000	279.159	0.000000	99.999	        0.659999	9.999	0.659999	999.999	0.659999	99.999	        0.659999	99.999	        0.659999	99.999	        0.659999	99.999	        0.659999	99.999	        0.659999	9.999	0.659999	999.999	0.659999	99.999	        0.659999
34.666678	34.899988	996.279	0.000000	270.638	0.000000	99.999	        0.659999	9.999	0.659999	999.999	0.659999	99.999	        0.659999	99.999	        0.659999	99.999	        0.659999	99.999	        0.659999	99.999	        0.659999	9.999	0.659999	999.999	0.659999	99.999	        0.659999
34.916678	35.149988	999.112	0.000000	268.870	0.000000	99.999	        0.659999	9.999	0.659999	999.999	0.659999	99.999	        0.659999	99.999	        0.659999	99.999	        0.659999	99.999	        0.659999	99.999	        0.659999	9.999	0.659999	999.999	0.659999	99.999	        0.659999
35.416678	35.649988	1001.588	0.000000	278.561	0.000000	1.309	0.000000	0.140	0.000000	9.187	0.000000	0.534	0.000000	1.151	0.000000	1.761	0.000000	3.017	0.000000	3.231	0.000000	0.032	0.000000	10.496	0.000000	0.636	0.000000
35.666678	35.899988	1000.648	0.000000	270.046	0.000000	2.619	0.000000	0.205	0.000000	9.594	0.000000	0.554	0.000000	2.232	0.000000	1.315	0.000000	2.824	0.000000	3.128	0.000000	0.096	0.000000	12.213	0.000000	0.722	0.000000
35.916678	36.149988	999.724	0.000000	270.936	0.000000	1.663	0.000000	0.158	0.000000	7.406	0.000000	0.445	0.000000	1.480	0.000000	1.058	0.000000	2.213	0.000000	2.595	0.000000	0.065	0.000000	9.070	0.000000	0.565	0.000000
36.166678	36.399988	999.001	0.000000	271.924	0.000000	1.865	0.000000	0.168	0.000000	8.452	0.000000	0.497	0.000000	1.739	0.000000	1.203	0.000000	2.437	0.000000	3.000	0.000000	0.079	0.000000	10.317	0.000000	0.627	0.000000
36.416678	36.649988	998.097	0.000000	276.495	0.000000	2.254	0.000000	0.187	0.000000	9.175	0.000000	0.533	0.000000	1.762	0.000000	1.302	0.000000	2.719	0.000000	3.309	0.000000	0.089	0.000000	11.429	0.000000	0.683	0.000000
36.666678	36.899988	997.109	0.000000	272.204	0.000000	1.690	0.000000	0.159	0.000000	7.155	0.000000	0.432	0.000000	1.369	0.000000	1.116	0.000000	2.012	0.000000	2.601	0.000000	0.061	0.000000	8.845	0.000000	0.554	0.000000
36.916678	37.149988	994.994	0.000000	270.864	0.000000	1.924	0.000000	0.171	0.000000	8.688	0.000000	0.509	0.000000	1.757	0.000000	1.307	0.000000	2.651	0.000000	2.893	0.000000	0.083	0.000000	10.612	0.000000	0.642	0.000000
37.166678	37.399988	991.609	0.000000	272.686	0.000000	1.534	0.000000	0.151	0.000000	7.247	0.000000	0.437	0.000000	1.307	0.000000	1.186	0.000000	2.367	0.000000	2.334	0.000000	0.061	0.000000	8.781	0.000000	0.551	0.000000
37.416678	37.649988	988.693	0.000000	279.409	0.000000	1.371	0.000000	0.143	0.000000	6.521	0.000000	0.400	0.000000	1.040	0.000000	1.074	0.000000	2.336	0.000000	2.057	0.000000	0.052	0.000000	7.891	0.000000	0.506	0.000000
37.666678	37.899988	987.820	0.000000	275.480	0.000000	2.045	0.000000	0.177	0.000000	9.133	0.000000	0.531	0.000000	1.496	0.000000	1.519	0.000000	3.229	0.000000	2.813	0.000000	0.079	0.000000	11.178	0.000000	0.670	0.000000
37.916678	38.149988	986.836	0.000000	275.212	0.000000	1.687	0.000000	0.159	0.000000	8.270	0.000000	0.488	0.000000	1.273	0.000000	1.385	0.000000	2.974	0.000000	2.579	0.000000	0.062	0.000000	9.957	0.000000	0.609	0.000000
38.166678	38.399988	987.355	0.000000	276.028	0.000000	1.621	0.000000	0.155	0.000000	7.527	0.000000	0.451	0.000000	1.195	0.000000	1.262	0.000000	2.626	0.000000	2.399	0.000000	0.053	0.000000	9.147	0.000000	0.569	0.000000
38.416678	38.649988	988.820	0.000000	276.570	0.000000	1.598	0.000000	0.154	0.000000	8.245	0.000000	0.487	0.000000	1.362	0.000000	1.397	0.000000	2.682	0.000000	2.756	0.000000	0.054	0.000000	9.843	0.000000	0.604	0.000000
38.666678	38.899988	991.843	0.000000	274.945	0.000000	3.411	0.000000	0.245	0.000000	11.604	0.000000	0.655	0.000000	2.159	0.000000	1.632	0.000000	2.937	0.000000	4.776	0.000000	0.106	0.000000	15.015	0.000000	0.862	0.000000
38.916678	39.149988	993.597	0.000000	273.168	0.000000	3.131	0.000000	0.231	0.000000	11.251	0.000000	0.637	0.000000	2.058	0.000000	1.470	0.000000	2.751	0.000000	4.886	0.000000	0.091	0.000000	14.382	0.000000	0.831	0.000000
39.166678	39.399988	994.557	0.000000	272.576	0.000000	3.176	0.000000	0.233	0.000000	11.311	0.000000	0.640	0.000000	2.148	0.000000	1.485	0.000000	2.672	0.000000	4.921	0.000000	0.089	0.000000	14.487	0.000000	0.836	0.000000
39.416678	39.649988	994.097	0.000000	276.430	0.000000	2.951	0.000000	0.222	0.000000	10.734	0.000000	0.611	0.000000	1.855	0.000000	1.443	0.000000	2.592	0.000000	4.765	0.000000	0.083	0.000000	13.685	0.000000	0.796	0.000000
39.666678	39.899988	993.720	0.000000	271.582	0.000000	3.211	0.000000	0.235	0.000000	11.847	0.000000	0.667	0.000000	2.173	0.000000	1.725	0.000000	2.994	0.000000	4.868	0.000000	0.090	0.000000	15.057	0.000000	0.865	0.000000
39.916678	40.149988	993.220	0.000000	271.067	0.000000	4.213	0.000000	0.285	0.000000	14.777	0.000000	0.813	0.000000	2.902	0.000000	2.114	0.000000	4.011	0.000000	5.614	0.000000	0.137	0.000000	18.991	0.000000	1.061	0.000000
40.166678	40.399988	993.311	0.000000	273.352	0.000000	4.715	0.000000	0.310	0.000000	16.555	0.000000	0.902	0.000000	3.199	0.000000	2.168	0.000000	4.411	0.000000	6.617	0.000000	0.162	0.000000	21.270	0.000000	1.175	0.000000
40.416678	40.649988	992.788	0.000000	276.977	0.000000	99.999	        0.659999	9.999	0.659999	999.999	0.659999	99.999	        0.659999	99.999	        0.659999	99.999	        0.659999	99.999	        0.659999	99.999	        0.659999	9.999	0.659999	999.999	0.659999	99.999	        0.659999
40.666678	40.899988	992.069	0.000000	274.674	0.000000	99.999	        0.659999	9.999	0.659999	999.999	0.659999	99.999	        0.659999	99.999	        0.659999	99.999	        0.659999	99.999	        0.659999	99.999	        0.659999	9.999	0.659999	999.999	0.659999	99.999	        0.659999
40.916678	41.149988	990.895	0.000000	273.439	0.000000	99.999	        0.659999	9.999	0.659999	999.999	0.659999	99.999	        0.659999	99.999	        0.659999	99.999	        0.659999	99.999	        0.659999	99.999	        0.659999	9.999	0.659999	999.999	0.659999	99.999	        0.659999
41.166678	41.399988	989.657	0.000000	274.192	0.000000	99.999	        0.659999	9.999	0.659999	999.999	0.659999	99.999	        0.659999	99.999	        0.659999	99.999	        0.659999	99.999	        0.659999	99.999	        0.659999	9.999	0.659999	999.999	0.659999	99.999	        0.659999
41.416678	41.649988	988.105	0.000000	277.924	0.000000	99.999	        0.659999	9.999	0.659999	999.999	0.659999	99.999	        0.659999	99.999	        0.659999	99.999	        0.659999	99.999	        0.659999	99.999	        0.659999	9.999	0.659999	999.999	0.659999	99.999	        0.659999
41.666678	41.899988	987.780	0.000000	270.501	0.000000	99.999	        0.659999	9.999	0.659999	999.999	0.659999	99.999	        0.659999	99.999	        0.659999	99.999	        0.659999	99.999	        0.659999	99.999	        0.659999	9.999	0.659999	999.999	0.659999	99.999	        0.659999
41.916678	42.149988	988.367	0.000000	267.933	0.000000	99.999	        0.659999	9.999	0.659999	999.999	0.659999	99.999	        0.659999	99.999	        0.659999	99.999	        0.659999	99.999	        0.659999	99.999	        0.659999	9.999	0.659999	999.999	0.659999	99.999	        0.659999
42.416678	42.649988	990.252	0.000000	277.549	0.000000	1.942	0.000000	0.172	0.000000	10.744	0.000000	0.612	0.000000	1.300	0.000000	1.623	0.000000	3.676	0.000000	4.112	0.000000	0.041	0.000000	12.686	0.000000	0.746	0.000000
