ebas_test_data/HU0002R.20171128160001.20181114212426...organic_carbon.pm10.6w.3h.HU03L_Sunset_OCEC_HU2.HU03L_rtquartz.lev2.nas
107 1001
Ajtai, Tibor
HU03L, University of Szeged, SZTE, Optics and Quantumelectrinics Department, Dóm square 9, , 6720, Szeged, Hungary
Kun Szabó, Fruzsina; Motika, Gábor
EMEP COLOSSAL CAMPAIGN
1 1
2017 01 01 2018 11 14
0
days from file reference point
27
1 1 1 1 1 1 1 1 1 1 1 1 1 1 1 1 1 1 1 1 1 1 1 1 1 1 1
999.999999 99999.999 9.999999 9999.999 9.999999 99.999 9.999999 9.999 9.999999 999.999 9.999999 99.999 9.999999 99.999 9.999999 99.999 9.999999 99.999 9.999999 99.999 9.999999 9.999 9.999999 999.999 9.999999 99.999 9.999999
end_time of measurement, days from the file reference point
pressure, hPa
numflag pressure, no unit
temperature, K
numflag temperature, no unit
elemental_carbon, ug C/m3, Detection limit=0.4 ug C/m3
numflag elemental_carbon, no unit, Detection limit=0.4 ug C/m3
elemental_carbon, ug C/m3, Statistics=uncertainty
numflag elemental_carbon, no unit, Statistics=uncertainty
organic_carbon, ug C/m3, Detection limit=0.4 ug C/m3
numflag organic_carbon, no unit, Detection limit=0.4 ug C/m3
organic_carbon, ug C/m3, Statistics=uncertainty
numflag organic_carbon, no unit, Statistics=uncertainty
organic_carbon, ug C/m3, Fraction=OC1
numflag organic_carbon, no unit, Fraction=OC1
organic_carbon, ug C/m3, Fraction=OC2
numflag organic_carbon, no unit, Fraction=OC2
organic_carbon, ug C/m3, Fraction=OC3
numflag organic_carbon, no unit, Fraction=OC3
organic_carbon, ug C/m3, Fraction=OC4
numflag organic_carbon, no unit, Fraction=OC4
organic_carbon, ug C/m3, Fraction=OCPyr
numflag organic_carbon, no unit, Fraction=OCPyr
total_carbon, ug C/m3, Detection limit=0.4 ug C/m3
numflag total_carbon, no unit, Detection limit=0.4 ug C/m3
total_carbon, ug C/m3, Statistics=uncertainty
numflag total_carbon, no unit, Statistics=uncertainty
0
66
Data definition:              EBAS_1.1
Set type code:                TI
Timezone:                     UTC
File name:                    HU0002R.20171128160001.20181114212426.online_thermal-optical_analysis.organic_carbon.pm10.6w.3h.HU03L_SunsetLaboratoryOCEC_HU2.HU03L_rtquartz.lev2.nas
File creation:                20181114212426
Startdate:                    20171128160001
Revision date:                20181114212426
Version:                      1
Version description:          initial revision
Statistics:                   arithmetic mean
Data level:                   2
Period code:                  6w
Resolution code:              3h
Sample duration:              156mn
Orig. time res.:              3h
Station code:                 HU0002R
Platform code:                HU0002S
Station name:                 K-puszta
Station WDCA-ID:              GAWAHU__KPS
Station GAW-ID:               KPS
Station GAW-Name:             K-Puszta
Station land use:             Forest
Station setting:              Rural
Station GAW type:             R
Station WMO region:           6
Station latitude:             46.96682
Station longitude:            19.545776
Station altitude:             122.0 m
Measurement height:           4.0 m
Regime:                       IMG
Component:                    organic_carbon
Unit:                         ug C/m3
Matrix:                       pm10
Laboratory code:              HU03L
Instrument type:              online_thermal-optical_analysis
Instrument name:              SunsetLaboratoryOCEC_HU2
[...]
Medium:                       Quartz
Filter prefiring:             Prefired by previous analysis
Filter conditioning:          None
Sample preparation:           None
Blank correction:             Not blank corrected
Artifact correction:          None
Artifact correction description: No denuder used.
Charring correction:          By laser transmission
Humidity/temperature control: None
Humidity/temperature control description: filter kept at ambient conditions
Volume std. temperature:      ambient
Volume std. pressure:         ambient
Zero/negative values code:    Zero/negative possible
Zero/negative values:         Zero and neg. values may appear due to statistical variations at very low concentrations
Originator:                   Ajtai, Tibor, ajtai@titan.physx.u-szeged.hu, University of Szeged, SZTE, Optics and Quantumelectrinics Department, Dóm square 9, , 6720, Szeged, Hungary
Submitter:                    Kun Szabó, Fruzsina, kszfruzsina@titan.physx.u-szeged.hu, University of Szeged, SZTE, Optics and Quantumelectrinics Department, Dóm square 9, , 6720, Szeged, Hungary
Submitter:                    Motika, Gábor, motika.gabor@gmail.com, University of Szeged, SZTE, Optics and Quantumelectrinics Department, Dóm square 9, , 6720, Szeged, Hungary
Acknowledgement:              Request acknowledgement details from data originator
starttime	endtime	press	flag_press	temp	flag_temp	EC	flag_EC	EC_unc	flag_EC_unc	OC	flag_OC	OC_unc	flag_OC_unc	OC_peak1	flag_OC_peak1	OC_peak2	flag_OC_peak2	OC_peak3	flag_OC_peak3	OC_peak4	flag_OC_peak4	OC_pyr	flag_OC_pyr	TC	flag_TC	TC_unc	flag_TC_unc
[from data line 282]
367.041678	367.149988	991.970	0.000000	274.208	0.000000	99.999	0.659999	9.999	0.659999	999.999	0.659999	99.999	0.659999	99.999	0.659999	99.999	0.659999	99.999	0.659999	99.999	0.659999	9.999	0.659999	999.999	0.659999	99.999	0.659999
367.166678	367.274988	991.765	0.000000	272.349	0.000000	99.999	0.659999	9.999	0.659999	999.999	0.659999	99.999	0.659999	99.999	0.659999	99.999	0.659999	99.999	0.659999	99.999	0.659999	9.999	0.659999	999.999	0.659999	99.999	0.659999
367.291678	367.399988	989.662	0.000000	274.426	0.000000	99.999	0.659999	9.999	0.659999	999.999	0.659999	99.999	0.659999	99.999	0.659999	99.999	0.659999	99.999	0.659999	99.999	0.659999	9.999	0.659999	999.999	0.659999	99.999	0.659999
367.416678	367.524988	985.141	0.000000	279.086	0.000000	99.999	0.659999	9.999	0.659999	999.999	0.659999	99.999	0.659999	99.999	0.659999	99.999	0.659999	99.999	0.659999	99.999	0.659999	9.999	0.659999	999.999	0.659999	99.999	0.659999
367.541678	367.649988	981.894	0.000000	278.926	0.000000	99.999	0.659999	9.999	0.659999	999.999	0.659999	99.999	0.659999	99.999	0.659999	99.999	0.659999	99.999	0.659999	99.999	0.659999	9.999	0.659999	999.999	0.659999	99.999	0.659999
367.666678	367.774988	982.355	0.000000	277.785	0.000000	99.999	0.659999	9.999	0.659999	999.999	0.659999	99.999	0.659999	99.999	0.659999	99.999	0.659999	99.999	0.659999	99.999	0.659999	9.999	0.659999	999.999	0.659999	99.999	0.659999
367.791678	367.899988	983.142	0.000000	276.797	0.000000	99.999	0.659999	9.999	0.659999	999.999	0.659999	99.999	0.659999	99.999	0.659999	99.999	0.659999	99.999	0.659999	99.999	0.659999	9.999	0.659999	999.999	0.659999	99.999	0.659999
367.916678	368.024988	983.406	0.000000	274.259	0.000000	99.999	0.659999	9.999	0.659999	999.999	0.659999	99.999	0.659999	99.999	0.659999	99.999	0.659999	99.999	0.659999	99.999	0.659999	9.999	0.659999	999.999	0.659999	99.999	0.659999
368.041678	368.149988	983.783	0.000000	274.285	0.000000	99.999	0.659999	9.999	0.659999	999.999	0.659999	99.999	0.659999	99.999	0.659999	99.999	0.659999	99.999	0.659999	99.999	0.659999	9.999	0.659999	999.999	0.659999	99.999	0.659999
368.166678	368.274988	984.654	0.000000	275.054	0.000000	99.999	0.659999	9.999	0.659999	999.999	0.659999	99.999	0.659999	99.999	0.659999	99.999	0.659999	99.999	0.659999	99.999	0.659999	9.999	0.659999	999.999	0.659999	99.999	0.659999
368.291678	368.399988	985.791	0.000000	276.387	0.000000	99.999	0.659999	9.999	0.659999	999.999	0.659999	99.999	0.659999	99.999	0.659999	99.999	0.659999	99.999	0.659999	99.999	0.659999	9.999	0.659999	999.999	0.659999	99.999	0.659999
368.416678	368.524988	985.517	0.000000	282.188	0.000000	99.999	0.659999	9.999	0.659999	999.999	0.659999	99.999	0.659999	99.999	0.659999	99.999	0.659999	99.999	0.659999	99.999	0.659999	9.999	0.659999	999.999	0.659999	99.999	0.659999
368.541678	368.649988	985.167	0.000000	278.926	0.000000	99.999	0.659999	9.999	0.659999	999.999	0.659999	99.999	0.659999	99.999	0.659999	99.999	0.659999	99.999	0.659999	99.999	0.659999	9.999	0.659999	999.999	0.659999	99.999	0.659999
368.666678	368.774988	985.364	0.000000	276.721	0.000000	99.999	0.659999	9.999	0.659999	999.999	0.659999	99.999	0.659999	99.999	0.659999	99.999	0.659999	99.999	0.659999	99.999	0.659999	9.999	0.659999	999.999	0.659999	99.999	0.659999
368.791678	368.899988	984.859	0.000000	277.265	0.000000	99.999	0.659999	9.999	0.659999	999.999	0.659999	99.999	0.659999	99.999	0.659999	99.999	0.659999	99.999	0.659999	99.999	0.659999	9.999	0.659999	999.999	0.659999	99.999	0.659999
368.916678	369.024988	983.800	0.000000	277.182	0.000000	99.999	0.659999	9.999	0.659999	999.999	0.659999	99.999	0.659999	99.999	0.659999	99.999	0.659999	99.999	0.659999	99.999	0.659999	9.999	0.659999	999.999	0.659999	99.999	0.659999
369.041678	369.149988	982.919	0.000000	277.445	0.000000	99.999	0.659999	9.999	0.659999	999.999	0.659999	99.999	0.659999	99.999	0.659999	99.999	0.659999	99.999	0.659999	99.999	0.659999	9.999	0.659999	999.999	0.659999	99.999	0.659999
369.166678	369.274988	984.124	0.000000	277.285	0.000000	99.999	0.659999	9.999	0.659999	999.999	0.659999	99.999	0.659999	99.999	0.659999	99.999	0.659999	99.999	0.659999	99.999	0.659999	9.999	0.659999	999.999	0.659999	99.999	0.659999
369.291678	369.399988	986.304	0.000000	278.272	0.000000	99.999	0.659999	9.999	0.659999	999.999	0.659999	99.999	0.659999	99.999	0.659999	99.999	0.659999	99.999	0.659999	99.999	0.659999	9.999	0.659999	999.999	0.659999	99.999	0.659999
369.416678	369.524988	987.543	0.000000	283.317	0.000000	99.999	0.659999	9.999	0.659999	999.999	0.659999	99.999	0.659999	99.999	0.659999	99.999	0.659999	99.999	0.659999	99.999	0.659999	9.999	0.659999	999.999	0.659999	99.999	0.659999
369.541678	369.649988	988.432	0.000000	281.406	0.000000	99.999	0.659999	9.999	0.659999	999.999	0.659999	99.999	0.659999	99.999	0.659999	99.999	0.659999	99.999	0.659999	99.999	0.659999	9.999	0.659999	999.999	0.659999	99.999	0.659999
369.666678	369.774988	988.594	0.000000	279.426	0.000000	99.999	0.659999	9.999	0.659999	999.999	0.659999	99.999	0.659999	99.999	0.659999	99.999	0.659999	99.999	0.659999	99.999	0.659999	9.999	0.659999	999.999	0.659999	99.999	0.659999
369.791678	369.899988	989.201	0.000000	281.471	0.000000	99.999	0.659999	9.999	0.659999	999.999	0.659999	99.999	0.659999	99.999	0.659999	99.999	0.659999	99.999	0.659999	99.999	0.659999	9.999	0.659999	999.999	0.659999	99.999	0.659999
369.916678	370.024988	989.372	0.000000	282.067	0.000000	99.999	0.659999	9.999	0.659999	999.999	0.659999	99.999	0.659999	99.999	0.659999	99.999	0.659999	99.999	0.659999	99.999	0.659999	9.999	0.659999	999.999	0.659999	99.999	0.659999
370.041678	370.149988	989.637	0.000000	281.919	0.000000	99.999	0.659999	9.999	0.659999	999.999	0.659999	99.999	0.659999	99.999	0.659999	99.999	0.659999	99.999	0.659999	99.999	0.659999	9.999	0.659999	999.999	0.659999	99.999	0.659999
370.166678	370.274988	989.970	0.000000	281.182	0.000000	99.999	0.659999	9.999	0.659999	999.999	0.659999	99.999	0.659999	99.999	0.659999	99.999	0.659999	99.999	0.659999	99.999	0.659999	9.999	0.659999	999.999	0.659999	99.999	0.659999
370.291678	370.399988	991.440	0.000000	282.772	0.000000	99.999	0.659999	9.999	0.659999	999.999	0.659999	99.999	0.659999	99.999	0.659999	99.999	0.659999	99.999	0.659999	99.999	0.659999	9.999	0.659999	999.999	0.659999	99.999	0.659999
370.416678	370.524988	991.568	0.000000	288.310	0.000000	99.999	0.659999	9.999	0.659999	999.999	0.659999	99.999	0.659999	99.999	0.659999	99.999	0.659999	99.999	0.659999	99.999	0.659999	9.999	0.659999	999.999	0.659999	99.999	0.659999
370.541678	370.649988	991.748	0.000000	287.708	0.000000	99.999	0.659999	9.999	0.659999	999.999	0.659999	99.999	0.659999	99.999	0.659999	99.999	0.659999	99.999	0.659999	99.999	0.659999	9.999	0.659999	999.999	0.659999	99.999	0.659999
370.666678	370.774988	993.047	0.000000	284.336	0.000000	99.999	0.659999	9.999	0.659999	999.999	0.659999	99.999	0.659999	99.999	0.659999	99.999	0.659999	99.999	0.659999	99.999	0.659999	9.999	0.659999	999.999	0.659999	99.999	0.659999
370.791678	370.899988	993.799	0.000000	284.150	0.000000	99.999	0.659999	9.999	0.659999	999.999	0.659999	99.999	0.659999	99.999	0.659999	99.999	0.659999	99.999	0.659999	99.999	0.659999	9.999	0.659999	999.999	0.659999	99.999	0.659999
370.916678	371.024988	994.628	0.000000	283.323	0.000000	99.999	0.659999	9.999	0.659999	999.999	0.659999	99.999	0.659999	99.999	0.659999	99.999	0.659999	99.999	0.659999	99.999	0.659999	9.999	0.659999	999.999	0.659999	99.999	0.659999
371.041678	371.149988	995.636	0.000000	283.047	0.000000	99.999	0.659999	9.999	0.659999	999.999	0.659999	99.999	0.659999	99.999	0.659999	99.999	0.659999	99.999	0.659999	99.999	0.659999	9.999	0.659999	999.999	0.659999	99.999	0.659999
371.166678	371.274988	996.397	0.000000	281.208	0.000000	99.999	0.659999	9.999	0.659999	999.999	0.659999	99.999	0.659999	99.999	0.659999	99.999	0.659999	99.999	0.659999	99.999	0.659999	9.999	0.659999	999.999	0.659999	99.999	0.659999
371.291678	371.399988	999.003	0.000000	283.112	0.000000	99.999	0.659999	9.999	0.659999	999.999	0.659999	99.999	0.659999	99.999	0.659999	99.999	0.659999	99.999	0.659999	99.999	0.659999	9.999	0.659999	999.999	0.659999	99.999	0.659999
371.416678	371.524988	999.986	0.000000	286.881	0.000000	99.999	0.659999	9.999	0.659999	999.999	0.659999	99.999	0.659999	99.999	0.659999	99.999	0.659999	99.999	0.659999	99.999	0.659999	9.999	0.659999	999.999	0.659999	99.999	0.659999
371.541678	371.649988	1000.960	0.000000	286.605	0.000000	99.999	0.659999	9.999	0.659999	999.999	0.659999	99.999	0.659999	99.999	0.659999	99.999	0.659999	99.999	0.659999	99.999	0.659999	9.999	0.659999	999.999	0.659999	99.999	0.659999
371.666678	371.774988	1002.935	0.000000	281.605	0.000000	99.999	0.659999	9.999	0.659999	999.999	0.659999	99.999	0.659999	99.999	0.659999	99.999	0.659999	99.999	0.659999	99.999	0.659999	9.999	0.659999	999.999	0.659999	99.999	0.659999
371.791678	371.899988	1004.080	0.000000	279.471	0.000000	99.999	0.659999	9.999	0.659999	999.999	0.659999	99.999	0.659999	99.999	0.659999	99.999	0.659999	99.999	0.659999	99.999	0.659999	9.999	0.659999	999.999	0.659999	99.999	0.659999
371.916678	372.024988	1005.268	0.000000	280.150	0.000000	99.999	0.659999	9.999	0.659999	999.999	0.659999	99.999	0.659999	99.999	0.659999	99.999	0.659999	99.999	0.659999	99.999	0.659999	9.999	0.659999	999.999	0.659999	99.999	0.659999
372.041678	372.149988	1005.268	0.000000	279.201	0.000000	99.999	0.659999	9.999	0.659999	999.999	0.659999	99.999	0.659999	99.999	0.659999	99.999	0.659999	99.999	0.659999	99.999	0.659999	9.999	0.659999	999.999	0.659999	99.999	0.659999
372.166678	372.274988	1005.781	0.000000	279.150	0.000000	99.999	0.659999	9.999	0.659999	999.999	0.659999	99.999	0.659999	99.999	0.659999	99.999	0.659999	99.999	0.659999	99.999	0.659999	9.999	0.659999	999.999	0.659999	99.999	0.659999
372.291678	372.399988	1006.857	0.000000	279.682	0.000000	99.999	0.659999	9.999	0.659999	999.999	0.659999	99.999	0.659999	99.999	0.659999	99.999	0.659999	99.999	0.659999	99.999	0.659999	9.999	0.659999	999.999	0.659999	99.999	0.659999
372.416678	372.524988	1006.148	0.000000	286.003	0.000000	99.999	0.659999	9.999	0.659999	999.999	0.659999	99.999	0.659999	99.999	0.659999	99.999	0.659999	99.999	0.659999	99.999	0.659999	9.999	0.659999	999.999	0.659999	99.999	0.659999
372.541678	372.649988	1005.499	0.000000	284.759	0.000000	99.999	0.659999	9.999	0.659999	999.999	0.659999	99.999	0.659999	99.999	0.659999	99.999	0.659999	99.999	0.659999	99.999	0.659999	9.999	0.659999	999.999	0.659999	99.999	0.659999
372.666678	372.774988	1006.507	0.000000	279.041	0.000000	99.999	0.659999	9.999	0.659999	999.999	0.659999	99.999	0.659999	99.999	0.659999	99.999	0.659999	99.999	0.659999	99.999	0.659999	9.999	0.659999	999.999	0.659999	99.999	0.659999
372.791678	372.899988	1007.840	0.000000	278.131	0.000000	99.999	0.659999	9.999	0.659999	999.999	0.659999	99.999	0.659999	99.999	0.659999	99.999	0.659999	99.999	0.659999	99.999	0.659999	9.999	0.659999	999.999	0.659999	99.999	0.659999
372.916678	373.024988	1008.609	0.000000	276.996	0.000000	99.999	0.659999	9.999	0.659999	999.999	0.659999	99.999	0.659999	99.999	0.659999	99.999	0.659999	99.999	0.659999	99.999	0.659999	9.999	0.659999	999.999	0.659999	99.999	0.659999
373.041678	373.149988	1008.755	0.000000	276.150	0.000000	99.999	0.659999	9.999	0.659999	999.999	0.659999	99.999	0.659999	99.999	0.659999	99.999	0.659999	99.999	0.659999	99.999	0.659999	9.999	0.659999	999.999	0.659999	99.999	0.659999
373.166678	373.274988	1008.199	0.000000	275.618	0.000000	99.999	0.659999	9.999	0.659999	999.999	0.659999	99.999	0.659999	99.999	0.659999	99.999	0.659999	99.999	0.659999	99.999	0.659999	9.999	0.659999	999.999	0.659999	99.999	0.659999
373.291678	373.399988	1007.900	0.000000	276.541	0.000000	99.999	0.659999	9.999	0.659999	999.999	0.659999	99.999	0.659999	99.999	0.659999	99.999	0.659999	99.999	0.659999	99.999	0.659999	9.999	0.659999	999.999	0.659999	99.999	0.659999
