ebas_test_data/HU0002R.20171128160001.20181114212426...organic_carbon.pm10.6w.3h.HU03L_Sunset_OCEC_HU2.HU03L_rtquartz.lev2.nas
107 1001
Ajtai, Tibor
HU03L, University of Szeged, SZTE, Optics and Quantumelectrinics Department, Dóm square 9, , 6720, Szeged, Hungary
Kun Szabó, Fruzsina; Motika, Gábor
EMEP COLOSSAL CAMPAIGN
1 1
2017 01 01 2018 11 14
0
days from file reference point
27
1 1 1 1 1 1 1 1 1 1 1 1 1 1 1 1 1 1 1 1 1 1 1 1 1 1 1
999.999999 99999.999 9.999999 9999.999 9.999999 99.999 9.999999 9.999 9.999999 999.999 9.999999 99.999 9.999999 99.999 9.999999 99.999 9.999999 99.999 9.999999 99.999 9.999999 9.999 9.999999 999.999 9.999999 99.999 9.999999
end_time of measurement, days from the file reference point
pressure, hPa
numflag pressure, no unit
temperature, K
numflag temperature, no unit
elemental_carbon, ug C/m3, Detection limit=0.4 ug C/m3
numflag elemental_carbon, no unit, Detection limit=0.4 ug C/m3
elemental_carbon, ug C/m3, Statistics=uncertainty
numflag elemental_carbon, no unit, Statistics=uncertainty
organic_carbon, ug C/m3, Detection limit=0.4 ug C/m3
numflag organic_carbon, no unit, Detection limit=0.4 ug C/m3
organic_carbon, ug C/m3, Statistics=uncertainty
numflag organic_carbon, no unit, Statistics=uncertainty
organic_carbon, ug C/m3, Fraction=OC1
numflag organic_carbon, no unit, Fraction=OC1
organic_carbon, ug C/m3, Fraction=OC2
numflag organic_carbon, no unit, Fraction=OC2
organic_carbon, ug C/m3, Fraction=OC3
numflag organic_carbon, no unit, Fraction=OC3
organic_carbon, ug C/m3, Fraction=OC4
numflag organic_carbon, no unit, Fraction=OC4
organic_carbon, ug C/m3, Fraction=OCPyr
numflag organic_carbon, no unit, Fraction=OCPyr
total_carbon, ug C/m3, Detection limit=0.4 ug C/m3
numflag total_carbon, no unit, Detection limit=0.4 ug C/m3
total_carbon, ug C/m3, Statistics=uncertainty
numflag total_carbon, no unit, Statistics=uncertainty
0
66
Data definition:              EBAS_1.1
Set type code:                TI
Timezone:                     UTC
File name:                    HU0002R.20171128160001.20181114212426.online_thermal-optical_analysis.organic_carbon.pm10.6w.3h.HU03L_SunsetLaboratoryOCEC_HU2.HU03L_rtquartz.lev2.nas
File creation:                20181114212426
Startdate:                    20171128160001
Revision date:                20181114212426
Version:                      1
Version description:          initial revision
Statistics:                   arithmetic mean
Data level:                   2
Period code:                  6w
Resolution code:              3h
Sample duration:              156mn
Orig. time res.:              3h
Station code:                 HU0002R
Platform code:                HU0002S
Station name:                 K-puszta
Station WDCA-ID:              GAWAHU__KPS
Station GAW-ID:               KPS
Station GAW-Name:             K-Puszta
Station land use:             Forest
Station setting:              Rural
Station GAW type:             R
Station WMO region:           6
Station latitude:             46.96682
Station longitude:            19.545776
Station altitude:             122.0 m
Measurement height:           4.0 m
Regime:                       IMG
Component:                    organic_carbon
Unit:                         ug C/m3
Matrix:                       pm10
Laboratory code:              HU03L
Instrument type:              online_thermal-optical_analysis
Instrument name:              SunsetLaboratoryOCEC_HU2
[...]
Medium:                       Quartz
Filter prefiring:             Prefired by previous analysis
Filter conditioning:          None
Sample preparation:           None
Blank correction:             Not blank corrected
Artifact correction:          None
Artifact correction description: No denuder used.
Charring correction:          By laser transmission
Humidity/temperature control: None
Humidity/temperature control description: filter kept at ambient conditions
Volume std. temperature:      ambient
Volume std. pressure:         ambient
Zero/negative values code:    Zero/negative possible
Zero/negative values:         Zero and neg. values may appear due to statistical variations at very low concentrations
Originator:                   Ajtai, Tibor, ajtai@titan.physx.u-szeged.hu, University of Szeged, SZTE, Optics and Quantumelectrinics Department, Dóm square 9, , 6720, Szeged, Hungary
Submitter:                    Kun Szabó, Fruzsina, kszfruzsina@titan.physx.u-szeged.hu, University of Szeged, SZTE, Optics and Quantumelectrinics Department, Dóm square 9, , 6720, Szeged, Hungary
Submitter:                    Motika, Gábor, motika.gabor@gmail.com, University of Szeged, SZTE, Optics and Quantumelectrinics Department, Dóm square 9, , 6720, Szeged, Hungary
Acknowledgement:              Request acknowledgement details from data originator
starttime	endtime	press	flag_press	temp	flag_temp	EC	flag_EC	EC_unc	flag_EC_unc	OC	flag_OC	OC_unc	flag_OC_unc	OC_peak1	flag_OC_peak1	OC_peak2	flag_OC_peak2	OC_peak3	flag_OC_peak3	OC_peak4	flag_OC_peak4	OC_pyr	flag_OC_pyr	TC	flag_TC	TC_unc	flag_TC_unc
[from data line 142]
349.416678	349.524988	985.364	0.000000	277.753	0.000000	99.999	0.659999	9.999	0.659999	999.999	0.659999	99.999	0.659999	99.999	0.659999	99.999	0.659999	99.999	0.659999	99.999	0.659999	9.999	0.659999	999.999	0.659999	99.999	0.659999
349.541678	349.649988	987.936	0.000000	277.817	0.000000	99.999	0.659999	9.999	0.659999	999.999	0.659999	99.999	0.659999	99.999	0.659999	99.999	0.659999	99.999	0.659999	99.999	0.659999	9.999	0.659999	999.999	0.659999	99.999	0.659999
349.666678	349.774988	990.594	0.000000	272.451	0.000000	99.999	0.659999	9.999	0.659999	999.999	0.659999	99.999	0.659999	99.999	0.659999	99.999	0.659999	99.999	0.659999	99.999	0.659999	9.999	0.659999	999.999	0.659999	99.999	0.659999
349.791678	349.899988	992.260	0.000000	270.881	0.000000	99.999	0.659999	9.999	0.659999	999.999	0.659999	99.999	0.659999	99.999	0.659999	99.999	0.659999	99.999	0.659999	99.999	0.659999	9.999	0.659999	999.999	0.659999	99.999	0.659999
349.916678	350.024988	993.773	0.000000	269.547	0.000000	99.999	0.659999	9.999	0.659999	999.999	0.659999	99.999	0.659999	99.999	0.659999	99.999	0.659999	99.999	0.659999	99.999	0.659999	9.999	0.659999	999.999	0.659999	99.999	0.659999
350.041678	350.149988	994.508	0.000000	269.105	0.000000	99.999	0.659999	9.999	0.659999	999.999	0.659999	99.999	0.659999	99.999	0.659999	99.999	0.659999	99.999	0.659999	99.999	0.659999	9.999	0.659999	999.999	0.659999	99.999	0.659999
350.166678	350.274988	995.799	0.000000	268.336	0.000000	99.999	0.659999	9.999	0.659999	999.999	0.659999	99.999	0.659999	99.999	0.659999	99.999	0.659999	99.999	0.659999	99.999	0.659999	9.999	0.659999	999.999	0.659999	99.999	0.659999
350.291678	350.399988	997.303	0.000000	270.785	0.000000	99.999	0.659999	9.999	0.659999	999.999	0.659999	99.999	0.659999	99.999	0.659999	99.999	0.659999	99.999	0.659999	99.999	0.659999	9.999	0.659999	999.999	0.659999	99.999	0.659999
350.416678	350.524988	997.593	0.000000	272.163	0.000000	99.999	0.659999	9.999	0.659999	999.999	0.659999	99.999	0.659999	99.999	0.659999	99.999	0.659999	99.999	0.659999	99.999	0.659999	9.999	0.659999	999.999	0.659999	99.999	0.659999
350.541678	350.649988	998.029	0.000000	271.874	0.000000	99.999	0.659999	9.999	0.659999	999.999	0.659999	99.999	0.659999	99.999	0.659999	99.999	0.659999	99.999	0.659999	99.999	0.659999	9.999	0.659999	999.999	0.659999	99.999	0.659999
350.666678	350.774988	999.003	0.000000	269.567	0.000000	99.999	0.659999	9.999	0.659999	999.999	0.659999	99.999	0.659999	99.999	0.659999	99.999	0.659999	99.999	0.659999	99.999	0.659999	9.999	0.659999	999.999	0.659999	99.999	0.659999
350.791678	350.899988	1000.166	0.000000	268.240	0.000000	99.999	0.659999	9.999	0.659999	999.999	0.659999	99.999	0.659999	99.999	0.659999	99.999	0.659999	99.999	0.659999	99.999	0.659999	9.999	0.659999	999.999	0.659999	99.999	0.659999
350.916678	351.024988	1000.952	0.000000	266.688	0.000000	99.999	0.659999	9.999	0.659999	999.999	0.659999	99.999	0.659999	99.999	0.659999	99.999	0.659999	99.999	0.659999	99.999	0.659999	9.999	0.659999	999.999	0.659999	99.999	0.659999
351.041678	351.149988	1001.054	0.000000	266.374	0.000000	99.999	0.659999	9.999	0.659999	999.999	0.659999	99.999	0.659999	99.999	0.659999	99.999	0.659999	99.999	0.659999	99.999	0.659999	9.999	0.659999	999.999	0.659999	99.999	0.659999
351.166678	351.274988	1001.200	0.000000	269.413	0.000000	99.999	0.659999	9.999	0.659999	999.999	0.659999	99.999	0.659999	99.999	0.659999	99.999	0.659999	99.999	0.659999	99.999	0.659999	9.999	0.659999	999.999	0.659999	99.999	0.659999
351.291678	351.399988	1002.260	0.000000	271.144	0.000000	99.999	0.659999	9.999	0.659999	999.999	0.659999	99.999	0.659999	99.999	0.659999	99.999	0.659999	99.999	0.659999	99.999	0.659999	9.999	0.659999	999.999	0.659999	99.999	0.659999
351.416678	351.524988	1002.243	0.000000	273.945	0.000000	99.999	0.659999	9.999	0.659999	999.999	0.659999	99.999	0.659999	99.999	0.659999	99.999	0.659999	99.999	0.659999	99.999	0.659999	9.999	0.659999	999.999	0.659999	99.999	0.659999
351.541678	351.649988	1002.661	0.000000	272.733	0.000000	99.999	0.659999	9.999	0.659999	999.999	0.659999	99.999	0.659999	99.999	0.659999	99.999	0.659999	99.999	0.659999	99.999	0.659999	9.999	0.659999	999.999	0.659999	99.999	0.659999
351.666678	351.774988	1004.071	0.000000	271.612	0.000000	99.999	0.659999	9.999	0.659999	999.999	0.659999	99.999	0.659999	99.999	0.659999	99.999	0.659999	99.999	0.659999	99.999	0.659999	9.999	0.659999	999.999	0.659999	99.999	0.659999
351.791678	351.899988	1005.293	0.000000	271.060	0.000000	99.999	0.659999	9.999	0.659999	999.999	0.659999	99.999	0.659999	99.999	0.659999	99.999	0.659999	99.999	0.659999	99.999	0.659999	9.999	0.659999	999.999	0.659999	99.999	0.659999
351.916678	352.024988	1006.071	0.000000	268.836	0.000000	99.999	0.659999	9.999	0.659999	999.999	0.659999	99.999	0.659999	99.999	0.659999	99.999	0.659999	99.999	0.659999	99.999	0.659999	9.999	0.659999	999.999	0.659999	99.999	0.659999
352.041678	352.149988	1007.003	0.000000	266.221	0.000000	99.999	0.659999	9.999	0.659999	999.999	0.659999	99.999	0.659999	99.999	0.659999	99.999	0.659999	99.999	0.659999	99.999	0.659999	9.999	0.659999	999.999	0.659999	99.999	0.659999
352.166678	352.274988	1008.080	0.000000	265.144	0.000000	99.999	0.659999	9.999	0.659999	999.999	0.659999	99.999	0.659999	99.999	0.659999	99.999	0.659999	99.999	0.659999	99.999	0.659999	9.999	0.659999	999.999	0.659999	99.999	0.659999
352.291678	352.399988	1009.849	0.000000	267.829	0.000000	99.999	0.659999	9.999	0.659999	999.999	0.659999	99.999	0.659999	99.999	0.659999	99.999	0.659999	99.999	0.659999	99.999	0.659999	9.999	0.659999	999.999	0.659999	99.999	0.659999
352.541678	352.649988	1009.695	0.000000	272.150	0.000000	0.922	0.000000	0.206	0.000000	3.641	0.000000	0.342	0.000000	0.549	0.000000	-0.097	0.100000	0.874	0.000000	2.330	0.000000	0.069	0.000000	4.564	0.000000	0.469	0.000000
352.666678	352.774988	1009.960	0.000000	268.291	0.000000	1.297	0.000000	0.225	0.000000	5.481	0.000000	0.434	0.000000	0.862	0.000000	0.522	0.000000	1.799	0.000000	2.299	0.000000	0.072	0.000000	6.778	0.000000	0.580	0.000000
352.791678	352.899988	1010.481	0.000000	267.137	0.000000	1.337	0.000000	0.227	0.000000	4.466	0.000000	0.384	0.000000	0.665	0.000000	0.605	0.000000	1.631	0.000000	1.551	0.000000	0.049	0.000000	5.803	0.000000	0.531	0.000000
352.916678	353.024988	1010.712	0.000000	265.458	0.000000	1.323	0.000000	0.227	0.000000	6.139	0.000000	0.467	0.000000	1.014	0.000000	0.976	0.000000	2.296	0.000000	1.828	0.000000	0.065	0.000000	7.463	0.000000	0.614	0.000000
353.041678	353.149988	1010.866	0.000000	263.105	0.000000	1.565	0.000000	0.239	0.000000	5.416	0.000000	0.431	0.000000	0.857	0.000000	0.805	0.000000	2.049	0.000000	1.702	0.000000	0.063	0.000000	6.981	0.000000	0.590	0.000000
353.166678	353.274988	1011.438	0.000000	261.945	0.000000	1.220	0.000000	0.221	0.000000	5.510	0.000000	0.436	0.000000	0.870	0.000000	0.753	0.000000	2.055	0.000000	1.815	0.000000	0.064	0.000000	6.729	0.000000	0.577	0.000000
353.291678	353.399988	1012.712	0.000000	265.791	0.000000	3.936	0.000000	0.357	0.000000	13.158	0.000000	0.818	0.000000	2.573	0.000000	2.066	0.000000	4.718	0.000000	3.710	0.000000	0.145	0.000000	17.094	0.000000	1.095	0.000000
353.416678	353.524988	1012.319	0.000000	273.374	0.000000	2.971	0.000000	0.309	0.000000	12.139	0.000000	0.767	0.000000	2.069	0.000000	1.798	0.000000	4.058	0.000000	4.150	0.000000	0.129	0.000000	15.110	0.000000	0.996	0.000000
353.541678	353.649988	1012.062	0.000000	269.753	0.000000	2.970	0.000000	0.309	0.000000	12.007	0.000000	0.761	0.000000	1.988	0.000000	1.660	0.000000	3.695	0.000000	4.635	0.000000	0.123	0.000000	14.977	0.000000	0.990	0.000000
353.666678	353.774988	1012.344	0.000000	267.855	0.000000	3.200	0.000000	0.320	0.000000	12.311	0.000000	0.776	0.000000	2.035	0.000000	1.752	0.000000	3.872	0.000000	4.605	0.000000	0.121	0.000000	15.511	0.000000	1.016	0.000000
353.791678	353.899988	1012.242	0.000000	265.797	0.000000	3.226	0.000000	0.322	0.000000	13.103	0.000000	0.816	0.000000	2.328	0.000000	1.968	0.000000	4.250	0.000000	4.499	0.000000	0.132	0.000000	16.330	0.000000	1.057	0.000000
353.916678	354.024988	1011.276	0.000000	264.958	0.000000	2.043	0.000000	0.263	0.000000	8.395	0.000000	0.580	0.000000	0.985	0.000000	1.228	0.000000	3.962	0.000000	2.211	0.000000	0.099	0.000000	10.438	0.000000	0.763	0.000000
354.041678	354.149988	1011.199	0.000000	264.406	0.000000	2.152	0.000000	0.268	0.000000	8.379	0.000000	0.579	0.000000	0.949	0.000000	1.310	0.000000	3.368	0.000000	2.714	0.000000	0.093	0.000000	10.531	0.000000	0.767	0.000000
354.166678	354.274988	1011.284	0.000000	266.708	0.000000	2.056	0.000000	0.263	0.000000	8.189	0.000000	0.570	0.000000	1.064	0.000000	1.243	0.000000	2.982	0.000000	2.907	0.000000	0.080	0.000000	10.245	0.000000	0.753	0.000000
354.291678	354.399988	1012.438	0.000000	269.746	0.000000	2.771	0.000000	0.299	0.000000	11.161	0.000000	0.718	0.000000	1.707	0.000000	1.737	0.000000	4.172	0.000000	3.488	0.000000	0.107	0.000000	13.932	0.000000	0.937	0.000000
354.416678	354.524988	1012.225	0.000000	273.086	0.000000	2.442	0.000000	0.282	0.000000	9.575	0.000000	0.639	0.000000	1.396	0.000000	1.500	0.000000	3.417	0.000000	3.243	0.000000	0.097	0.000000	12.017	0.000000	0.841	0.000000
354.541678	354.649988	1011.045	0.000000	272.496	0.000000	2.152	0.000000	0.268	0.000000	8.254	0.000000	0.573	0.000000	1.241	0.000000	1.363	0.000000	3.188	0.000000	2.435	0.000000	0.085	0.000000	10.405	0.000000	0.761	0.000000
354.666678	354.774988	1010.746	0.000000	272.150	0.000000	2.016	0.000000	0.261	0.000000	7.478	0.000000	0.534	0.000000	1.067	0.000000	1.258	0.000000	3.089	0.000000	2.032	0.000000	0.075	0.000000	9.494	0.000000	0.715	0.000000
354.791678	354.899988	1009.686	0.000000	272.701	0.000000	1.200	0.000000	0.220	0.000000	5.334	0.000000	0.427	0.000000	0.748	0.000000	0.954	0.000000	2.298	0.000000	1.326	0.000000	0.048	0.000000	6.534	0.000000	0.567	0.000000
354.916678	355.024988	1008.695	0.000000	272.797	0.000000	1.501	0.000000	0.235	0.000000	7.043	0.000000	0.512	0.000000	0.909	0.000000	1.186	0.000000	3.137	0.000000	1.769	0.000000	0.064	0.000000	8.545	0.000000	0.668	0.000000
355.041678	355.149988	1008.481	0.000000	273.150	0.000000	1.332	0.000000	0.227	0.000000	8.025	0.000000	0.561	0.000000	0.992	0.000000	1.305	0.000000	3.702	0.000000	1.954	0.000000	0.073	0.000000	9.357	0.000000	0.708	0.000000
355.166678	355.274988	1008.892	0.000000	272.535	0.000000	1.307	0.000000	0.226	0.000000	6.593	0.000000	0.490	0.000000	0.846	0.000000	1.150	0.000000	3.016	0.000000	1.591	0.000000	0.057	0.000000	7.900	0.000000	0.635	0.000000
355.291678	355.399988	1010.097	0.000000	272.599	0.000000	0.973	0.000000	0.209	0.000000	4.916	0.000000	0.406	0.000000	0.708	0.000000	0.798	0.000000	2.319	0.000000	1.088	0.000000	0.044	0.000000	5.889	0.000000	0.535	0.000000
355.416678	355.524988	1009.242	0.000000	274.342	0.000000	1.252	0.000000	0.223	0.000000	5.078	0.000000	0.414	0.000000	0.773	0.000000	0.900	0.000000	2.065	0.000000	1.299	0.000000	0.042	0.000000	6.330	0.000000	0.557	0.000000
355.541678	355.649988	1007.567	0.000000	274.176	0.000000	1.092	0.000000	0.215	0.000000	5.691	0.000000	0.445	0.000000	0.827	0.000000	1.038	0.000000	2.367	0.000000	1.414	0.000000	0.046	0.000000	6.784	0.000000	0.580	0.000000
355.666678	355.774988	1006.900	0.000000	273.842	0.000000	1.794	0.000000	0.250	0.000000	6.798	0.000000	0.500	0.000000	1.012	0.000000	1.300	0.000000	2.890	0.000000	1.607	0.000000	0.064	0.000000	8.592	0.000000	0.670	0.000000
355.791678	355.899988	1006.456	0.000000	274.144	0.000000	1.112	0.000000	0.216	0.000000	4.206	0.000000	0.371	0.000000	0.713	0.000000	0.709	0.000000	1.908	0.000000	0.848	0.000000	0.033	0.000000	5.318	0.000000	0.506	0.000000
355.916678	356.024988	1006.174	0.000000	272.355	0.000000	1.046	0.000000	0.213	0.000000	4.419	0.000000	0.381	0.000000	0.729	0.000000	0.739	0.000000	2.012	0.000000	0.910	0.000000	0.035	0.000000	5.466	0.000000	0.514	0.000000
356.041678	356.149988	1005.883	0.000000	273.849	0.000000	0.563	0.000000	0.189	0.000000	2.941	0.000000	0.307	0.000000	0.650	0.000000	0.425	0.000000	1.398	0.000000	0.520	0.000000	0.018	0.000000	3.504	0.000000	0.416	0.000000
356.166678	356.274988	1005.738	0.000000	274.413	0.000000	0.230	0.147000	0.172	0.000000	2.293	0.000000	0.275	0.000000	0.639	0.000000	0.289	0.000000	1.021	0.000000	0.388	0.000000	0.012	0.000000	2.523	0.000000	0.367	0.000000
356.291678	356.399988	1006.541	0.000000	275.541	0.000000	0.112	0.147000	0.166	0.000000	1.874	0.000000	0.254	0.000000	0.624	0.000000	0.202	0.000000	0.806	0.000000	0.288	0.000000	0.006	0.000000	1.986	0.000000	0.340	0.000000
356.416678	356.524988	1005.840	0.000000	277.701	0.000000	0.108	0.147000	0.166	0.000000	1.920	0.000000	0.256	0.000000	0.604	0.000000	0.242	0.000000	0.833	0.000000	0.278	0.000000	0.006	0.000000	2.028	0.000000	0.342	0.000000
356.541678	356.649988	1005.148	0.000000	276.977	0.000000	0.109	0.147000	0.166	0.000000	1.981	0.000000	0.259	0.000000	0.576	0.000000	0.228	0.000000	0.872	0.000000	0.359	0.000000	0.007	0.000000	2.090	0.000000	0.345	0.000000
356.666678	356.774988	1003.798	0.000000	276.612	0.000000	0.774	0.000000	0.199	0.000000	4.020	0.000000	0.361	0.000000	0.724	0.000000	0.620	0.000000	1.845	0.000000	0.849	0.000000	0.029	0.000000	4.794	0.000000	0.480	0.000000
356.791678	356.899988	1002.687	0.000000	277.214	0.000000	1.120	0.000000	0.216	0.000000	6.209	0.000000	0.471	0.000000	0.820	0.000000	0.900	0.000000	3.120	0.000000	1.369	0.000000	0.053	0.000000	7.328	0.000000	0.607	0.000000
356.916678	357.024988	1001.798	0.000000	278.285	0.000000	1.074	0.000000	0.214	0.000000	5.631	0.000000	0.442	0.000000	0.824	0.000000	0.801	0.000000	2.926	0.000000	1.036	0.000000	0.049	0.000000	6.705	0.000000	0.576	0.000000
357.041678	357.149988	1001.294	0.000000	280.105	0.000000	0.211	0.147000	0.171	0.000000	2.101	0.000000	0.265	0.000000	0.618	0.000000	0.275	0.000000	1.020	0.000000	0.212	0.000000	0.009	0.000000	2.312	0.000000	0.356	0.000000
357.166678	357.274988	1001.747	0.000000	279.964	0.000000	-0.144	0.100000	0.153	0.000000	1.766	0.000000	0.249	0.000000	0.581	0.000000	0.259	0.000000	0.828	0.000000	0.147	0.000000	0.006	0.000000	1.622	0.000000	0.322	0.000000
357.291678	357.399988	1002.302	0.000000	281.310	0.000000	0.060	0.147000	0.163	0.000000	1.589	0.000000	0.240	0.000000	0.565	0.000000	0.173	0.000000	0.709	0.000000	0.184	0.000000	0.005	0.000000	1.650	0.000000	0.323	0.000000
357.416678	357.524988	1002.422	0.000000	284.355	0.000000	-0.048	0.100000	0.158	0.000000	1.762	0.000000	0.248	0.000000	0.605	0.000000	0.215	0.000000	0.760	0.000000	0.181	0.000000	0.005	0.000000	1.714	0.000000	0.326	0.000000
357.541678	357.649988	1002.037	0.000000	282.669	0.000000	0.433	0.000000	0.182	0.000000	2.038	0.000000	0.262	0.000000	0.631	0.000000	0.253	0.000000	0.959	0.000000	0.238	0.000000	0.007	0.000000	2.471	0.000000	0.364	0.000000
357.666678	357.774988	1002.456	0.000000	280.028	0.000000	0.162	0.147000	0.169	0.000000	2.002	0.000000	0.261	0.000000	0.672	0.000000	0.215	0.000000	0.849	0.000000	0.269	0.000000	0.009	0.000000	2.164	0.000000	0.349	0.000000
357.791678	357.899988	1002.405	0.000000	278.060	0.000000	0.296	0.147000	0.175	0.000000	2.921	0.000000	0.306	0.000000	0.676	0.000000	0.348	0.000000	1.417	0.000000	0.464	0.000000	0.018	0.000000	3.217	0.000000	0.401	0.000000
357.916678	358.024988	1002.473	0.000000	275.579	0.000000	0.552	0.000000	0.188	0.000000	4.422	0.000000	0.381	0.000000	0.759	0.000000	0.629	0.000000	2.245	0.000000	0.756	0.000000	0.031	0.000000	4.973	0.000000	0.489	0.000000
358.041678	358.149988	1002.755	0.000000	273.721	0.000000	0.196	0.147000	0.170	0.000000	3.310	0.000000	0.326	0.000000	0.708	0.000000	0.461	0.000000	1.558	0.000000	0.606	0.000000	0.022	0.000000	3.506	0.000000	0.416	0.000000
