ebas_test_data/HU0002R.20171128160001.20181114212426...organic_carbon.pm10.6w.3h.HU03L_Sunset_OCEC_HU2.HU03L_rtquartz.lev2.nas
107 1001
Ajtai, Tibor
HU03L, University of Szeged, SZTE, Optics and Quantumelectrinics Department, Dóm square 9, , 6720, Szeged, Hungary
Kun Szabó, Fruzsina; Motika, Gábor
EMEP COLOSSAL CAMPAIGN
1 1
2017 01 01 2018 11 14
0
days from file reference point
27
1 1 1 1 1 1 1 1 1 1 1 1 1 1 1 1 1 1 1 1 1 1 1 1 1 1 1
999.999999 99999.999 9.999999 9999.999 9.999999 99.999 9.999999 9.999 9.999999 999.999 9.999999 99.999 9.999999 99.999 9.999999 99.999 9.999999 99.999 9.999999 99.999 9.999999 9.999 9.999999 999.999 9.999999 99.999 9.999999
end_time of measurement, days from the file reference point
pressure, hPa
numflag pressure, no unit
temperature, K
numflag temperature, no unit
elemental_carbon, ug C/m3, Detection limit=0.4 ug C/m3
numflag elemental_carbon, no unit, Detection limit=0.4 ug C/m3
elemental_carbon, ug C/m3, Statistics=uncertainty
numflag elemental_carbon, no unit, Statistics=uncertainty
organic_carbon, ug C/m3, Detection limit=0.4 ug C/m3
numflag organic_carbon, no unit, Detection limit=0.4 ug C/m3
organic_carbon, ug C/m3, Statistics=uncertainty
numflag organic_carbon, no unit, Statistics=uncertainty
organic_carbon, ug C/m3, Fraction=OC1
numflag organic_carbon, no unit, Fraction=OC1
organic_carbon, ug C/m3, Fraction=OC2
numflag organic_carbon, no unit, Fraction=OC2
organic_carbon, ug C/m3, Fraction=OC3
numflag organic_carbon, no unit, Fraction=OC3
organic_carbon, ug C/m3, Fraction=OC4
numflag organic_carbon, no unit, Fraction=OC4
organic_carbon, ug C/m3, Fraction=OCPyr
numflag organic_carbon, no unit, Fraction=OCPyr
total_carbon, ug C/m3, Detection limit=0.4 ug C/m3
numflag total_carbon, no unit, Detection limit=0.4 ug C/m3
total_carbon, ug C/m3, Statistics=uncertainty
numflag total_carbon, no unit, Statistics=uncertainty
0
66
Data definition:              EBAS_1.1
Set type code:                TI
Timezone:                     UTC
File name:                    HU0002R.20171128160001.20181114212426.online_thermal-optical_analysis.organic_carbon.pm10.6w.3h.HU03L_SunsetLaboratoryOCEC_HU2.HU03L_rtquartz.lev2.nas
File creation:                20181114212426
Startdate:                    20171128160001
Revision date:                20181114212426
Version:                      1
Version description:          initial revision
Statistics:                   arithmetic mean
Data level:                   2
Period code:                  6w
Resolution code:              3h
Sample duration:              156mn
Orig. time res.:              3h
Station code:                 HU0002R
Platform code:                HU0002S
Station name:                 K-puszta
Station WDCA-ID:              GAWAHU__KPS
Station GAW-ID:               KPS
Station GAW-Name:             K-Puszta
Station land use:             Forest
Station setting:              Rural
Station GAW type:             R
Station WMO region:           6
Station latitude:             46.96682
Station longitude:            19.545776
Station altitude:             122.0 m
Measurement height:           4.0 m
Regime:                       IMG
Component:                    organic_carbon
Unit:                         ug C/m3
Matrix:                       pm10
Laboratory code:              HU03L
Instrument type:              online_thermal-optical_analysis
Instrument name:              SunsetLaboratoryOCEC_HU2
[...]
Medium:                       Quartz
Filter prefiring:             Prefired by previous analysis
Filter conditioning:          None
Sample preparation:           None
Blank correction:             Not blank corrected
Artifact correction:          None
Artifact correction description: No denuder used.
Charring correction:          By laser transmission
Humidity/temperature control: None
Humidity/temperature control description: filter kept at ambient conditions
Volume std. temperature:      ambient
Volume std. pressure:         ambient
Zero/negative values code:    Zero/negative possible
Zero/negative values:         Zero and neg. values may appear due to statistical variations at very low concentrations
Originator:                   Ajtai, Tibor, ajtai@titan.physx.u-szeged.hu, University of Szeged, SZTE, Optics and Quantumelectrinics Department, Dóm square 9, , 6720, Szeged, Hungary
Submitter:                    Kun Szabó, Fruzsina, kszfruzsina@titan.physx.u-szeged.hu, University of Szeged, SZTE, Optics and Quantumelectrinics Department, Dóm square 9, , 6720, Szeged, Hungary
Submitter:                    Motika, Gábor, motika.gabor@gmail.com, University of Szeged, SZTE, Optics and Quantumelectrinics Department, Dóm square 9, , 6720, Szeged, Hungary
Acknowledgement:              Request acknowledgement details from data originator
starttime	endtime	press	flag_press	temp	flag_temp	EC	flag_EC	EC_unc	flag_EC_unc	OC	flag_OC	OC_unc	flag_OC_unc	OC_peak1	flag_OC_peak1	OC_peak2	flag_OC_peak2	OC_peak3	flag_OC_peak3	OC_peak4	flag_OC_peak4	OC_pyr	flag_OC_pyr	TC	flag_TC	TC_unc	flag_TC_unc
[from data line 212]
358.291678	358.399988	1003.943	0.000000	276.099	0.000000	0.466	0.000000	0.184	0.000000	3.684	0.000000	0.345	0.000000	0.742	0.000000	0.552	0.000000	1.699	0.000000	0.673	0.000000	0.025	0.000000	4.151	0.000000	0.448	0.000000
358.416678	358.524988	1002.978	0.000000	282.913	0.000000	0.234	0.147000	0.172	0.000000	2.824	0.000000	0.302	0.000000	0.739	0.000000	0.358	0.000000	1.284	0.000000	0.444	0.000000	0.014	0.000000	3.059	0.000000	0.393	0.000000
358.541678	358.649988	1002.234	0.000000	281.394	0.000000	0.353	0.147000	0.178	0.000000	3.012	0.000000	0.311	0.000000	0.724	0.000000	0.399	0.000000	1.358	0.000000	0.525	0.000000	0.014	0.000000	3.365	0.000000	0.409	0.000000
358.666678	358.774988	1001.473	0.000000	272.067	0.000000	0.207	0.147000	0.171	0.000000	2.329	0.000000	0.277	0.000000	0.662	0.000000	0.182	0.000000	1.092	0.000000	0.399	0.000000	0.015	0.000000	2.535	0.000000	0.367	0.000000
358.791678	358.899988	1000.935	0.000000	270.368	0.000000	2.743	0.000000	0.298	0.000000	14.105	0.000000	0.866	0.000000	1.798	0.000000	2.235	0.000000	7.268	0.000000	2.770	0.000000	0.125	0.000000	16.848	0.000000	1.083	0.000000
358.916678	359.024988	999.798	0.000000	270.079	0.000000	3.900	0.000000	0.355	0.000000	18.819	0.000000	1.101	0.000000	2.622	0.000000	3.105	0.000000	8.524	0.000000	4.511	0.000000	0.164	0.000000	22.719	0.000000	1.376	0.000000
359.041678	359.149988	998.542	0.000000	269.637	0.000000	2.782	0.000000	0.299	0.000000	16.103	0.000000	0.965	0.000000	1.863	0.000000	2.699	0.000000	6.424	0.000000	5.089	0.000000	0.135	0.000000	18.885	0.000000	1.185	0.000000
359.166678	359.274988	997.243	0.000000	269.887	0.000000	2.136	0.000000	0.267	0.000000	16.158	0.000000	0.968	0.000000	1.792	0.000000	2.559	0.000000	6.329	0.000000	5.454	0.000000	0.116	0.000000	18.295	0.000000	1.155	0.000000
359.291678	359.399988	995.995	0.000000	275.349	0.000000	1.787	0.000000	0.250	0.000000	11.569	0.000000	0.739	0.000000	1.326	0.000000	1.730	0.000000	5.028	0.000000	3.493	0.000000	0.082	0.000000	13.356	0.000000	0.908	0.000000
359.416678	359.524988	993.807	0.000000	284.913	0.000000	0.801	0.000000	0.200	0.000000	5.638	0.000000	0.442	0.000000	0.849	0.000000	0.608	0.000000	2.707	0.000000	1.511	0.000000	0.038	0.000000	6.440	0.000000	0.563	0.000000
359.541678	359.649988	991.953	0.000000	282.894	0.000000	0.974	0.000000	0.209	0.000000	6.600	0.000000	0.490	0.000000	0.943	0.000000	0.795	0.000000	3.083	0.000000	1.795	0.000000	0.048	0.000000	7.574	0.000000	0.619	0.000000
359.666678	359.774988	991.090	0.000000	281.150	0.000000	0.948	0.000000	0.208	0.000000	4.864	0.000000	0.403	0.000000	0.841	0.000000	0.607	0.000000	2.452	0.000000	0.970	0.000000	0.042	0.000000	5.811	0.000000	0.531	0.000000
359.791678	359.899988	990.243	0.000000	281.047	0.000000	0.998	0.000000	0.210	0.000000	6.209	0.000000	0.471	0.000000	0.879	0.000000	0.726	0.000000	3.103	0.000000	1.448	0.000000	0.053	0.000000	7.208	0.000000	0.601	0.000000
359.916678	360.024988	988.927	0.000000	279.669	0.000000	1.638	0.000000	0.242	0.000000	9.408	0.000000	0.631	0.000000	1.128	0.000000	1.239	0.000000	4.327	0.000000	2.655	0.000000	0.069	0.000000	11.046	0.000000	0.793	0.000000
360.041678	360.149988	987.167	0.000000	277.682	0.000000	1.732	0.000000	0.247	0.000000	10.335	0.000000	0.677	0.000000	1.207	0.000000	1.359	0.000000	4.599	0.000000	3.096	0.000000	0.070	0.000000	12.066	0.000000	0.844	0.000000
360.166678	360.274988	985.791	0.000000	277.150	0.000000	1.549	0.000000	0.238	0.000000	10.541	0.000000	0.687	0.000000	1.240	0.000000	1.407	0.000000	4.685	0.000000	3.201	0.000000	0.074	0.000000	12.090	0.000000	0.845	0.000000
360.291678	360.399988	984.731	0.000000	280.259	0.000000	1.004	0.000000	0.210	0.000000	7.192	0.000000	0.520	0.000000	1.017	0.000000	0.863	0.000000	3.279	0.000000	1.997	0.000000	0.045	0.000000	8.195	0.000000	0.650	0.000000
360.416678	360.524988	982.090	0.000000	287.022	0.000000	99.999	0.659999	9.999	0.659999	999.999	0.659999	99.999	0.659999	99.999	0.659999	99.999	0.659999	99.999	0.659999	99.999	0.659999	9.999	0.659999	999.999	0.659999	99.999	0.659999
360.541678	360.649988	979.749	0.000000	285.015	0.000000	99.999	0.659999	9.999	0.659999	999.999	0.659999	99.999	0.659999	99.999	0.659999	99.999	0.659999	99.999	0.659999	99.999	0.659999	9.999	0.659999	999.999	0.659999	99.999	0.659999
360.666678	360.774988	977.903	0.000000	282.483	0.000000	99.999	0.659999	9.999	0.659999	999.999	0.659999	99.999	0.659999	99.999	0.659999	99.999	0.659999	99.999	0.659999	99.999	0.659999	9.999	0.659999	999.999	0.659999	99.999	0.659999
360.791678	360.899988	975.928	0.000000	281.304	0.000000	99.999	0.659999	9.999	0.659999	999.999	0.659999	99.999	0.659999	99.999	0.659999	99.999	0.659999	99.999	0.659999	99.999	0.659999	9.999	0.659999	999.999	0.659999	99.999	0.659999
360.916678	361.024988	974.698	0.000000	280.490	0.000000	99.999	0.659999	9.999	0.659999	999.999	0.659999	99.999	0.659999	99.999	0.659999	99.999	0.659999	99.999	0.659999	99.999	0.659999	9.999	0.659999	999.999	0.659999	99.999	0.659999
361.041678	361.149988	972.801	0.000000	280.458	0.000000	99.999	0.659999	9.999	0.659999	999.999	0.659999	99.999	0.659999	99.999	0.659999	99.999	0.659999	99.999	0.659999	99.999	0.659999	9.999	0.659999	999.999	0.659999	99.999	0.659999
361.166678	361.274988	971.732	0.000000	281.208	0.000000	99.999	0.659999	9.999	0.659999	999.999	0.659999	99.999	0.659999	99.999	0.659999	99.999	0.659999	99.999	0.659999	99.999	0.659999	9.999	0.659999	999.999	0.659999	99.999	0.659999
361.291678	361.399988	971.895	0.000000	282.253	0.000000	99.999	0.659999	9.999	0.659999	999.999	0.659999	99.999	0.659999	99.999	0.659999	99.999	0.659999	99.999	0.659999	99.999	0.659999	9.999	0.659999	999.999	0.659999	99.999	0.659999
361.416678	361.524988	971.801	0.000000	284.060	0.000000	99.999	0.659999	9.999	0.659999	999.999	0.659999	99.999	0.659999	99.999	0.659999	99.999	0.659999	99.999	0.659999	99.999	0.659999	9.999	0.659999	999.999	0.659999	99.999	0.659999
361.541678	361.649988	971.689	0.000000	282.227	0.000000	1.223	0.000000	0.222	0.000000	6.598	0.000000	0.490	0.000000	1.017	0.000000	0.847	0.000000	3.208	0.000000	1.557	0.000000	0.035	0.000000	7.821	0.000000	0.632	0.000000
361.666678	361.774988	972.672	0.000000	280.464	0.000000	99.999	0.659999	9.999	0.659999	999.999	0.659999	99.999	0.659999	99.999	0.659999	99.999	0.659999	99.999	0.659999	99.999	0.659999	9.999	0.659999	999.999	0.659999	99.999	0.659999
361.791678	361.899988	975.305	0.000000	275.509	0.000000	99.999	0.659999	9.999	0.659999	999.999	0.659999	99.999	0.659999	99.999	0.659999	99.999	0.659999	99.999	0.659999	99.999	0.659999	9.999	0.659999	999.999	0.659999	99.999	0.659999
361.916678	362.024988	977.980	0.000000	274.329	0.000000	99.999	0.659999	9.999	0.659999	999.999	0.659999	99.999	0.659999	99.999	0.659999	99.999	0.659999	99.999	0.659999	99.999	0.659999	9.999	0.659999	999.999	0.659999	99.999	0.659999
362.041678	362.149988	980.014	0.000000	274.169	0.000000	99.999	0.659999	9.999	0.659999	999.999	0.659999	99.999	0.659999	99.999	0.659999	99.999	0.659999	99.999	0.659999	99.999	0.659999	9.999	0.659999	999.999	0.659999	99.999	0.659999
362.166678	362.274988	982.671	0.000000	274.272	0.000000	99.999	0.659999	9.999	0.659999	999.999	0.659999	99.999	0.659999	99.999	0.659999	99.999	0.659999	99.999	0.659999	99.999	0.659999	9.999	0.659999	999.999	0.659999	99.999	0.659999
362.291678	362.399988	984.962	0.000000	275.426	0.000000	99.999	0.659999	9.999	0.659999	999.999	0.659999	99.999	0.659999	99.999	0.659999	99.999	0.659999	99.999	0.659999	99.999	0.659999	9.999	0.659999	999.999	0.659999	99.999	0.659999
362.416678	362.524988	986.740	0.000000	276.445	0.000000	99.999	0.659999	9.999	0.659999	999.999	0.659999	99.999	0.659999	99.999	0.659999	99.999	0.659999	99.999	0.659999	99.999	0.659999	9.999	0.659999	999.999	0.659999	99.999	0.659999
362.541678	362.649988	988.577	0.000000	275.958	0.000000	99.999	0.659999	9.999	0.659999	999.999	0.659999	99.999	0.659999	99.999	0.659999	99.999	0.659999	99.999	0.659999	99.999	0.659999	9.999	0.659999	999.999	0.659999	99.999	0.659999
362.666678	362.774988	990.491	0.000000	275.150	0.000000	99.999	0.659999	9.999	0.659999	999.999	0.659999	99.999	0.659999	99.999	0.659999	99.999	0.659999	99.999	0.659999	99.999	0.659999	9.999	0.659999	999.999	0.659999	99.999	0.659999
362.791678	362.899988	992.030	0.000000	272.964	0.000000	99.999	0.659999	9.999	0.659999	999.999	0.659999	99.999	0.659999	99.999	0.659999	99.999	0.659999	99.999	0.659999	99.999	0.659999	9.999	0.659999	999.999	0.659999	99.999	0.659999
362.916678	363.024988	992.072	0.000000	268.676	0.000000	99.999	0.659999	9.999	0.659999	999.999	0.659999	99.999	0.659999	99.999	0.659999	99.999	0.659999	99.999	0.659999	99.999	0.659999	9.999	0.659999	999.999	0.659999	99.999	0.659999
363.041678	363.149988	992.765	0.000000	267.163	0.000000	99.999	0.659999	9.999	0.659999	999.999	0.659999	99.999	0.659999	99.999	0.659999	99.999	0.659999	99.999	0.659999	99.999	0.659999	9.999	0.659999	999.999	0.659999	99.999	0.659999
363.166678	363.274988	993.910	0.000000	265.182	0.000000	99.999	0.659999	9.999	0.659999	999.999	0.659999	99.999	0.659999	99.999	0.659999	99.999	0.659999	99.999	0.659999	99.999	0.659999	9.999	0.659999	999.999	0.659999	99.999	0.659999
363.291678	363.399988	995.106	0.000000	271.297	0.000000	99.999	0.659999	9.999	0.659999	999.999	0.659999	99.999	0.659999	99.999	0.659999	99.999	0.659999	99.999	0.659999	99.999	0.659999	9.999	0.659999	999.999	0.659999	99.999	0.659999
363.416678	363.524988	994.688	0.000000	276.701	0.000000	99.999	0.659999	9.999	0.659999	999.999	0.659999	99.999	0.659999	99.999	0.659999	99.999	0.659999	99.999	0.659999	99.999	0.659999	9.999	0.659999	999.999	0.659999	99.999	0.659999
363.541678	363.649988	994.576	0.000000	275.874	0.000000	99.999	0.659999	9.999	0.659999	999.999	0.659999	99.999	0.659999	99.999	0.659999	99.999	0.659999	99.999	0.659999	99.999	0.659999	9.999	0.659999	999.999	0.659999	99.999	0.659999
363.666678	363.774988	995.132	0.000000	274.092	0.000000	99.999	0.659999	9.999	0.659999	999.999	0.659999	99.999	0.659999	99.999	0.659999	99.999	0.659999	99.999	0.659999	99.999	0.659999	9.999	0.659999	999.999	0.659999	99.999	0.659999
363.791678	363.899988	994.850	0.000000	274.047	0.000000	99.999	0.659999	9.999	0.659999	999.999	0.659999	99.999	0.659999	99.999	0.659999	99.999	0.659999	99.999	0.659999	99.999	0.659999	9.999	0.659999	999.999	0.659999	99.999	0.659999
363.916678	364.024988	994.235	0.000000	274.541	0.000000	99.999	0.659999	9.999	0.659999	999.999	0.659999	99.999	0.659999	99.999	0.659999	99.999	0.659999	99.999	0.659999	99.999	0.659999	9.999	0.659999	999.999	0.659999	99.999	0.659999
364.041678	364.149988	993.619	0.000000	275.406	0.000000	99.999	0.659999	9.999	0.659999	999.999	0.659999	99.999	0.659999	99.999	0.659999	99.999	0.659999	99.999	0.659999	99.999	0.659999	9.999	0.659999	999.999	0.659999	99.999	0.659999
364.166678	364.274988	994.089	0.000000	274.836	0.000000	99.999	0.659999	9.999	0.659999	999.999	0.659999	99.999	0.659999	99.999	0.659999	99.999	0.659999	99.999	0.659999	99.999	0.659999	9.999	0.659999	999.999	0.659999	99.999	0.659999
364.291678	364.399988	995.277	0.000000	276.073	0.000000	99.999	0.659999	9.999	0.659999	999.999	0.659999	99.999	0.659999	99.999	0.659999	99.999	0.659999	99.999	0.659999	99.999	0.659999	9.999	0.659999	999.999	0.659999	99.999	0.659999
364.416678	364.524988	994.611	0.000000	279.233	0.000000	99.999	0.659999	9.999	0.659999	999.999	0.659999	99.999	0.659999	99.999	0.659999	99.999	0.659999	99.999	0.659999	99.999	0.659999	9.999	0.659999	999.999	0.659999	99.999	0.659999
364.541678	364.649988	994.423	0.000000	281.676	0.000000	99.999	0.659999	9.999	0.659999	999.999	0.659999	99.999	0.659999	99.999	0.659999	99.999	0.659999	99.999	0.659999	99.999	0.659999	9.999	0.659999	999.999	0.659999	99.999	0.659999
364.666678	364.774988	994.269	0.000000	277.483	0.000000	99.999	0.659999	9.999	0.659999	999.999	0.659999	99.999	0.659999	99.999	0.659999	99.999	0.659999	99.999	0.659999	99.999	0.659999	9.999	0.659999	999.999	0.659999	99.999	0.659999
364.791678	364.899988	994.500	0.000000	275.817	0.000000	99.999	0.659999	9.999	0.659999	999.999	0.659999	99.999	0.659999	99.999	0.659999	99.999	0.659999	99.999	0.659999	99.999	0.659999	9.999	0.659999	999.999	0.659999	99.999	0.659999
364.916678	365.024988	993.619	0.000000	276.656	0.000000	99.999	0.659999	9.999	0.659999	999.999	0.659999	99.999	0.659999	99.999	0.659999	99.999	0.659999	99.999	0.659999	99.999	0.659999	9.999	0.659999	999.999	0.659999	99.999	0.659999
365.041678	365.149988	992.414	0.000000	276.079	0.000000	99.999	0.659999	9.999	0.659999	999.999	0.659999	99.999	0.659999	99.999	0.659999	99.999	0.659999	99.999	0.659999	99.999	0.659999	9.999	0.659999	999.999	0.659999	99.999	0.659999
365.166678	365.274988	990.799	0.000000	275.894	0.000000	99.999	0.659999	9.999	0.659999	999.999	0.659999	99.999	0.659999	99.999	0.659999	99.999	0.659999	99.999	0.659999	99.999	0.659999	9.999	0.659999	999.999	0.659999	99.999	0.659999
365.291678	365.399988	990.765	0.000000	278.599	0.000000	99.999	0.659999	9.999	0.659999	999.999	0.659999	99.999	0.659999	99.999	0.659999	99.999	0.659999	99.999	0.659999	99.999	0.659999	9.999	0.659999	999.999	0.659999	99.999	0.659999
365.416678	365.524988	990.150	0.000000	282.547	0.000000	99.999	0.659999	9.999	0.659999	999.999	0.659999	99.999	0.659999	99.999	0.659999	99.999	0.659999	99.999	0.659999	99.999	0.659999	9.999	0.659999	999.999	0.659999	99.999	0.659999
365.541678	365.649988	990.175	0.000000	280.669	0.000000	99.999	0.659999	9.999	0.659999	999.999	0.659999	99.999	0.659999	99.999	0.659999	99.999	0.659999	99.999	0.659999	99.999	0.659999	9.999	0.659999	999.999	0.659999	99.999	0.659999
365.666678	365.774988	989.372	0.000000	277.246	0.000000	99.999	0.659999	9.999	0.659999	999.999	0.659999	99.999	0.659999	99.999	0.659999	99.999	0.659999	99.999	0.659999	99.999	0.659999	9.999	0.659999	999.999	0.659999	99.999	0.659999
365.791678	365.899988	988.278	0.000000	276.150	0.000000	99.999	0.659999	9.999	0.659999	999.999	0.659999	99.999	0.659999	99.999	0.659999	99.999	0.659999	99.999	0.659999	99.999	0.659999	9.999	0.659999	999.999	0.659999	99.999	0.659999
365.916678	366.024988	986.953	0.000000	276.150	0.000000	99.999	0.659999	9.999	0.659999	999.999	0.659999	99.999	0.659999	99.999	0.659999	99.999	0.659999	99.999	0.659999	99.999	0.659999	9.999	0.659999	999.999	0.659999	99.999	0.659999
366.041678	366.149988	986.577	0.000000	275.887	0.000000	99.999	0.659999	9.999	0.659999	999.999	0.659999	99.999	0.659999	99.999	0.659999	99.999	0.659999	99.999	0.659999	99.999	0.659999	9.999	0.659999	999.999	0.659999	99.999	0.659999
366.166678	366.274988	986.415	0.000000	275.150	0.000000	99.999	0.659999	9.999	0.659999	999.999	0.659999	99.999	0.659999	99.999	0.659999	99.999	0.659999	99.999	0.659999	99.999	0.659999	9.999	0.659999	999.999	0.659999	99.999	0.659999
366.291678	366.399988	987.688	0.000000	276.688	0.000000	99.999	0.659999	9.999	0.659999	999.999	0.659999	99.999	0.659999	99.999	0.659999	99.999	0.659999	99.999	0.659999	99.999	0.659999	9.999	0.659999	999.999	0.659999	99.999	0.659999
366.416678	366.524988	987.714	0.000000	278.240	0.000000	99.999	0.659999	9.999	0.659999	999.999	0.659999	99.999	0.659999	99.999	0.659999	99.999	0.659999	99.999	0.659999	99.999	0.659999	9.999	0.659999	999.999	0.659999	99.999	0.659999
366.541678	366.649988	987.876	0.000000	279.240	0.000000	99.999	0.659999	9.999	0.659999	999.999	0.659999	99.999	0.659999	99.999	0.659999	99.999	0.659999	99.999	0.659999	99.999	0.659999	9.999	0.659999	999.999	0.659999	99.999	0.659999
366.666678	366.774988	989.440	0.000000	278.182	0.000000	99.999	0.659999	9.999	0.659999	999.999	0.659999	99.999	0.659999	99.999	0.659999	99.999	0.659999	99.999	0.659999	99.999	0.659999	9.999	0.659999	999.999	0.659999	99.999	0.659999
366.791678	366.899988	990.355	0.000000	276.612	0.000000	99.999	0.659999	9.999	0.659999	999.999	0.659999	99.999	0.659999	99.999	0.659999	99.999	0.659999	99.999	0.659999	99.999	0.659999	9.999	0.659999	999.999	0.659999	99.999	0.659999
