ebas_test_data/HU0002R.20180109160001.20181114212540...organic_carbon.pm10.6w.6h.HU03L_Sunset_OCEC_HU2.HU03L_rtquartz.lev2.nas
107 1001
Ajtai, Tibor
HU03L, University of Szeged, SZTE, Optics and Quantumelectrinics Department, Dóm square 9, , 6720, Szeged, Hungary
Kun Szabó, Fruzsina; Motika, Gábor
EMEP COLOSSAL CAMPAIGN
1 1
2018 01 01 2018 11 14
0
days from file reference point
27
1 1 1 1 1 1 1 1 1 1 1 1 1 1 1 1 1 1 1 1 1 1 1 1 1 1 1
99.999999 99999.999 9.999999 9999.999 9.999999 99.999 9.999999 9.999 9.999999 999.999 9.999999 99.999 9.999999 99.999 9.999999 99.999 9.999999 99.999	9.999999 99.999 9.999999 9.999 9.999999 999.999 9.999999 99.999 9.999999
end_time of measurement, days from the file reference point
pressure, hPa
numflag pressure, no unit
temperature, K
numflag temperature, no unit
elemental_carbon, ug C/m3, Detection limit=0.4 ug C/m3
numflag elemental_carbon, no unit, Detection limit=0.4 ug C/m3
elemental_carbon, ug C/m3, Statistics=uncertainty
numflag elemental_carbon, no unit, Statistics=uncertainty
organic_carbon, ug C/m3, Detection limit=0.4 ug C/m3
numflag organic_carbon, no unit, Detection limit=0.4 ug C/m3
organic_carbon, ug C/m3, Statistics=uncertainty
numflag organic_carbon, no unit, Statistics=uncertainty
organic_carbon, ug C/m3, Fraction=OC1
numflag organic_carbon, no unit, Fraction=OC1
organic_carbon, ug C/m3, Fraction=OC2
numflag organic_carbon, no unit, Fraction=OC2
organic_carbon, ug C/m3, Fraction=OC3
numflag organic_carbon, no unit, Fraction=OC3
organic_carbon, ug C/m3, Fraction=OC4
numflag organic_carbon, no unit, Fraction=OC4
organic_carbon, ug C/m3, Fraction=OCPyr
numflag organic_carbon, no unit, Fraction=OCPyr
total_carbon, ug C/m3, Detection limit=0.4 ug C/m3
numflag total_carbon, no unit, Detection limit=0.4 ug C/m3
total_carbon, ug C/m3, Statistics=uncertainty
numflag total_carbon, no unit, Statistics=uncertainty
0
66
Data definition:              EBAS_1.1
Set type code:                TI
Timezone:                     UTC
File name:                    HU0002R.20180109160001.20181114212540.online_thermal-optical_analysis.organic_carbon.pm10.6w.6h.HU03L_SunsetLaboratoryOCEC_HU2.HU03L_rtquartz.lev2.nas
File creation:                20181114212540
Startdate:                    20180109160001
Revision date:                20181114212540
Version:                      1
Version description:          initial revision
Statistics:                   arithmetic mean
Data level:                   2
Period code:                  6w
Resolution code:              6h
Sample duration:              6h
Orig. time res.:              6h
Station code:                 HU0002R
Platform code:                HU0002S
Station name:                 K-puszta
Station WDCA-ID:              GAWAHU__KPS
Station GAW-ID:               KPS
Station GAW-Name:             K-Puszta
Station land use:             Forest
Station setting:              Rural
Station GAW type:             R
Station WMO region:           6
Station latitude:             46.96682
Station longitude:            19.545776
Station altitude:             122.0 m
Measurement height:           4.0 m
Regime:                       IMG
Component:                    organic_carbon
Unit:                         ug C/m3
Matrix:                       pm10
Laboratory code:              HU03L
Instrument type:              online_thermal-optical_analysis
Instrument name:              SunsetLaboratoryOCEC_HU2
[...]
Medium:                       Quartz
Filter prefiring:             Prefired by previous analysis
Filter conditioning:          None
Sample preparation:           None
Blank correction:             Not blank corrected
Artifact correction:          None
Artifact correction description: No denuder used.
Charring correction:          By laser transmission
Humidity/temperature control: None
Humidity/temperature control description: filter kept at ambient conditions
Volume std. temperature:      ambient
Volume std. pressure:         ambient
Zero/negative values code:    Zero/negative possible
Zero/negative values:         Zero and neg. values may appear due to statistical variations at very low concentrations
Originator:                   Ajtai, Tibor, ajtai@titan.physx.u-szeged.hu, University of Szeged, SZTE, Optics and Quantumelectrinics Department, Dóm square 9, , 6720, Szeged, Hungary
Submitter:                    Kun Szabó, Fruzsina, kszfruzsina@titan.physx.u-szeged.hu, University of Szeged, SZTE, Optics and Quantumelectrinics Department, Dóm square 9, , 6720, Szeged, Hungary
Submitter:                    Motika, Gábor, motika.gabor@gmail.com, University of Szeged, SZTE, Optics and Quantumelectrinics Department, Dóm square 9, , 6720, Szeged, Hungary
Acknowledgement:              Request acknowledgement details from data originator
starttime	endtime	press	flag_press	temp	flag_temp	EC	flag_EC	EC_unc	flag_EC_unc	OC	flag_OC	OC_unc	flag_OC_unc	OC_peak1	flag_OC_peak1	OC_peak2	flag_OC_peak2	OC_peak3	flag_OC_peak3	OC_peak4	flag_OC_peak4	OC_pyr	flag_OC_pyr	TC	flag_TC	TC_unc	flag_TC_unc
8.666678	8.899988	1004.092	0.000000	278.230	0.000000	0.710	0.000000	0.110	0.000000	3.704	0.000000	0.260	0.000000	0.520	0.000000	0.641	0.000000	1.464	0.000000	1.067	0.000000	0.019	0.000000	4.414	0.000000	0.332	0.000000
8.916678	9.149988	1001.326	0.000000	276.320	0.000000	0.349	0.147000	0.092	0.000000	2.269	0.000000	0.188	0.000000	0.365	0.000000	0.435	0.000000	0.795	0.000000	0.671	0.000000	0.010	0.000000	2.618	0.000000	0.242	0.000000
9.166678	9.399988	997.656	0.000000	276.141	0.000000	0.604	0.000000	0.105	0.000000	2.533	0.000000	0.201	0.000000	0.397	0.000000	0.482	0.000000	0.898	0.000000	0.748	0.000000	0.014	0.000000	3.137	0.000000	0.268	0.000000
9.416678	9.649988	994.553	0.000000	278.337	0.000000	0.922	0.000000	0.121	0.000000	3.573	0.000000	0.253	0.000000	0.508	0.000000	0.665	0.000000	1.281	0.000000	1.104	0.000000	0.021	0.000000	4.495	0.000000	0.336	0.000000
9.666678	9.899988	993.272	0.000000	277.442	0.000000	1.720	0.000000	0.160	0.000000	7.143	0.000000	0.432	0.000000	1.245	0.000000	1.271	0.000000	2.542	0.000000	2.036	0.000000	0.057	0.000000	8.863	0.000000	0.555	0.000000
9.916678	10.149988	992.883	0.000000	277.162	0.000000	1.444	0.000000	0.147	0.000000	7.058	0.000000	0.427	0.000000	1.465	0.000000	1.068	0.000000	2.138	0.000000	2.350	0.000000	0.046	0.000000	8.502	0.000000	0.537	0.000000
10.166678	10.399988	993.034	0.000000	277.308	0.000000	1.596	0.000000	0.154	0.000000	7.019	0.000000	0.425	0.000000	1.397	0.000000	1.053	0.000000	1.937	0.000000	2.591	0.000000	0.049	0.000000	8.615	0.000000	0.542	0.000000
10.416678	10.649988	993.407	0.000000	278.605	0.000000	1.801	0.000000	0.164	0.000000	8.107	0.000000	0.480	0.000000	1.489	0.000000	1.258	0.000000	2.252	0.000000	3.053	0.000000	0.060	0.000000	9.908	0.000000	0.607	0.000000
10.666678	10.899988	995.244	0.000000	278.058	0.000000	2.869	0.000000	0.218	0.000000	11.590	0.000000	0.654	0.000000	2.466	0.000000	1.740	0.000000	3.362	0.000000	3.925	0.000000	0.100	0.000000	14.459	0.000000	0.835	0.000000
10.916678	11.149988	997.220	0.000000	277.153	0.000000	2.559	0.000000	0.202	0.000000	7.567	0.000000	0.453	0.000000	1.568	0.000000	1.244	0.000000	2.173	0.000000	2.522	0.000000	0.061	0.000000	10.127	0.000000	0.618	0.000000
11.166678	11.399988	999.807	0.000000	277.281	0.000000	2.280	0.000000	0.188	0.000000	8.636	0.000000	0.506	0.000000	1.660	0.000000	1.388	0.000000	2.573	0.000000	2.949	0.000000	0.069	0.000000	10.916	0.000000	0.657	0.000000
11.416678	11.649988	1002.076	0.000000	277.150	0.000000	1.625	0.000000	0.156	0.000000	8.447	0.000000	0.497	0.000000	1.461	0.000000	1.250	0.000000	2.405	0.000000	3.276	0.000000	0.057	0.000000	10.072	0.000000	0.615	0.000000
11.666678	11.899988	1003.862	0.000000	277.070	0.000000	1.294	0.000000	0.139	0.000000	5.665	0.000000	0.358	0.000000	0.905	0.000000	1.004	0.000000	2.023	0.000000	1.702	0.000000	0.037	0.000000	6.960	0.000000	0.460	0.000000
11.916678	12.149988	1004.993	0.000000	275.733	0.000000	0.883	0.000000	0.119	0.000000	4.856	0.000000	0.317	0.000000	0.848	0.000000	0.891	0.000000	1.556	0.000000	1.538	0.000000	0.026	0.000000	5.739	0.000000	0.399	0.000000
12.166678	12.399988	1005.687	0.000000	274.102	0.000000	1.169	0.000000	0.133	0.000000	2.983	0.000000	0.224	0.000000	0.595	0.000000	0.594	0.000000	0.999	0.000000	0.787	0.000000	0.012	0.000000	4.152	0.000000	0.319	0.000000
12.416678	12.649988	1005.624	0.000000	274.144	0.000000	1.529	0.000000	0.151	0.000000	4.527	0.000000	0.301	0.000000	0.757	0.000000	0.839	0.000000	1.677	0.000000	1.232	0.000000	0.027	0.000000	6.056	0.000000	0.414	0.000000
12.666678	12.899988	1006.616	0.000000	273.346	0.000000	1.374	0.000000	0.143	0.000000	5.623	0.000000	0.356	0.000000	0.942	0.000000	1.033	0.000000	2.224	0.000000	1.391	0.000000	0.036	0.000000	6.997	0.000000	0.461	0.000000
12.916678	13.149988	1007.044	0.000000	272.790	0.000000	0.857	0.000000	0.117	0.000000	3.947	0.000000	0.272	0.000000	0.697	0.000000	0.754	0.000000	1.279	0.000000	1.208	0.000000	0.017	0.000000	4.804	0.000000	0.352	0.000000
13.166678	13.399988	1007.687	0.000000	272.983	0.000000	0.548	0.000000	0.102	0.000000	3.302	0.000000	0.239	0.000000	0.659	0.000000	0.618	0.000000	1.036	0.000000	0.980	0.000000	0.010	0.000000	3.850	0.000000	0.304	0.000000
13.416678	13.649988	1007.647	0.000000	273.576	0.000000	0.915	0.000000	0.120	0.000000	4.867	0.000000	0.318	0.000000	0.829	0.000000	0.928	0.000000	1.482	0.000000	1.614	0.000000	0.018	0.000000	5.782	0.000000	0.401	0.000000
13.666678	13.899988	1007.969	0.000000	271.403	0.000000	1.146	0.000000	0.132	0.000000	5.934	0.000000	0.371	0.000000	0.944	0.000000	1.066	0.000000	2.226	0.000000	1.666	0.000000	0.036	0.000000	7.080	0.000000	0.466	0.000000
13.916678	14.149988	1007.921	0.000000	271.147	0.000000	1.160	0.000000	0.132	0.000000	6.906	0.000000	0.420	0.000000	1.106	0.000000	1.244	0.000000	2.490	0.000000	2.032	0.000000	0.040	0.000000	8.066	0.000000	0.515	0.000000
14.166678	14.399988	1007.723	0.000000	271.245	0.000000	99.999	        0.659999	9.999	0.659999	999.999	0.659999	99.999	        0.659999	99.999	        0.659999	99.999	        0.659999	99.999	        0.659999	99.999	        0.659999	9.999	0.659999	999.999	0.659999	99.999	        0.659999
14.416678	14.649988	1005.544	0.000000	272.692	0.000000	99.999	        0.659999	9.999	0.659999	999.999	0.659999	99.999	        0.659999	99.999	        0.659999	99.999	        0.659999	99.999	        0.659999	99.999	        0.659999	9.999	0.659999	999.999	0.659999	99.999	        0.659999
14.666678	14.899988	1002.688	0.000000	269.817	0.000000	99.999	        0.659999	9.999	0.659999	999.999	0.659999	99.999	        0.659999	99.999	        0.659999	99.999	        0.659999	99.999	        0.659999	99.999	        0.659999	9.999	0.659999	999.999	0.659999	99.999	        0.659999
14.916678	15.149988	998.271	0.000000	269.843	0.000000	99.999	        0.659999	9.999	0.659999	999.999	0.659999	99.999	        0.659999	99.999	        0.659999	99.999	        0.659999	99.999	        0.659999	99.999	        0.659999	9.999	0.659999	999.999	0.659999	99.999	        0.659999
15.416678	15.649988	985.126	0.000000	272.019	0.000000	1.717	0.000000	0.160	0.000000	11.518	0.000000	0.650	0.000000	1.876	0.000000	1.807	0.000000	3.649	0.000000	4.141	0.000000	0.045	0.000000	13.235	0.000000	0.773	0.000000
15.666678	15.899988	981.027	0.000000	270.391	0.000000	3.242	0.000000	0.236	0.000000	14.213	0.000000	0.785	0.000000	3.460	0.000000	1.825	0.000000	4.346	0.000000	4.458	0.000000	0.132	0.000000	17.455	0.000000	0.984	0.000000
15.916678	16.149988	979.086	0.000000	271.421	0.000000	2.852	0.000000	0.217	0.000000	16.058	0.000000	0.877	0.000000	3.628	0.000000	2.450	0.000000	4.798	0.000000	5.049	0.000000	0.147	0.000000	18.910	0.000000	1.057	0.000000
16.166678	16.399988	976.856	0.000000	273.718	0.000000	2.502	0.000000	0.199	0.000000	10.383	0.000000	0.593	0.000000	2.011	0.000000	1.618	0.000000	3.468	0.000000	3.184	0.000000	0.109	0.000000	12.885	0.000000	0.756	0.000000
16.416678	16.649988	976.821	0.000000	275.022	0.000000	2.095	0.000000	0.179	0.000000	8.871	0.000000	0.518	0.000000	1.485	0.000000	1.409	0.000000	2.980	0.000000	2.915	0.000000	0.088	0.000000	10.966	0.000000	0.660	0.000000
16.666678	16.899988	980.523	0.000000	274.126	0.000000	0.482	0.000000	0.099	0.000000	2.136	0.000000	0.181	0.000000	0.370	0.000000	0.439	0.000000	1.017	0.000000	0.302	0.000000	0.016	0.000000	2.618	0.000000	0.243	0.000000
16.916678	17.149988	986.244	0.000000	273.424	0.000000	0.248	0.147000	0.087	0.000000	1.434	0.000000	0.146	0.000000	0.278	0.000000	0.289	0.000000	0.678	0.000000	0.184	0.000000	0.007	0.000000	1.681	0.000000	0.196	0.000000
17.166678	17.399988	989.839	0.000000	273.829	0.000000	0.127	0.147000	0.081	0.000000	1.199	0.000000	0.134	0.000000	0.248	0.000000	0.242	0.000000	0.577	0.000000	0.128	0.000000	0.006	0.000000	1.326	0.000000	0.178	0.000000
17.416678	17.649988	990.240	0.000000	278.257	0.000000	0.133	0.147000	0.081	0.000000	1.454	0.000000	0.147	0.000000	0.270	0.000000	0.267	0.000000	0.738	0.000000	0.171	0.000000	0.010	0.000000	1.587	0.000000	0.191	0.000000
17.666678	17.899988	985.443	0.000000	277.135	0.000000	0.458	0.000000	0.097	0.000000	2.662	0.000000	0.207	0.000000	0.404	0.000000	0.459	0.000000	1.502	0.000000	0.279	0.000000	0.022	0.000000	3.120	0.000000	0.268	0.000000
17.916678	18.149988	984.094	0.000000	276.930	0.000000	0.380	0.147000	0.093	0.000000	2.608	0.000000	0.205	0.000000	0.401	0.000000	0.458	0.000000	1.454	0.000000	0.277	0.000000	0.020	0.000000	2.988	0.000000	0.261	0.000000
18.166678	18.399988	986.157	0.000000	277.451	0.000000	0.577	0.000000	0.103	0.000000	2.637	0.000000	0.206	0.000000	0.424	0.000000	0.539	0.000000	1.399	0.000000	0.258	0.000000	0.020	0.000000	3.214	0.000000	0.272	0.000000
18.416678	18.649988	988.173	0.000000	278.403	0.000000	0.319	0.147000	0.090	0.000000	1.850	0.000000	0.167	0.000000	0.325	0.000000	0.332	0.000000	0.970	0.000000	0.212	0.000000	0.012	0.000000	2.169	0.000000	0.220	0.000000
18.666678	18.899988	990.450	0.000000	275.754	0.000000	0.792	0.000000	0.114	0.000000	3.486	0.000000	0.249	0.000000	0.526	0.000000	0.714	0.000000	1.691	0.000000	0.533	0.000000	0.029	0.000000	4.278	0.000000	0.326	0.000000
18.916678	19.149988	992.105	0.000000	271.150	0.000000	0.491	0.000000	0.099	0.000000	2.880	0.000000	0.218	0.000000	0.496	0.000000	0.646	0.000000	1.281	0.000000	0.444	0.000000	0.021	0.000000	3.371	0.000000	0.280	0.000000
19.166678	19.399988	992.875	0.000000	272.329	0.000000	0.302	0.147000	0.089	0.000000	2.392	0.000000	0.194	0.000000	0.401	0.000000	0.529	0.000000	1.073	0.000000	0.378	0.000000	0.017	0.000000	2.694	0.000000	0.246	0.000000
19.416678	19.649988	990.931	0.000000	279.067	0.000000	0.237	0.147000	0.086	0.000000	1.693	0.000000	0.159	0.000000	0.339	0.000000	0.299	0.000000	0.866	0.000000	0.188	0.000000	0.010	0.000000	1.930	0.000000	0.208	0.000000
19.666678	19.899988	989.034	0.000000	272.894	0.000000	0.672	0.000000	0.108	0.000000	3.884	0.000000	0.269	0.000000	0.586	0.000000	0.812	0.000000	1.787	0.000000	0.671	0.000000	0.029	0.000000	4.556	0.000000	0.339	0.000000
19.916678	20.149988	984.602	0.000000	273.540	0.000000	0.944	0.000000	0.122	0.000000	5.740	0.000000	0.361	0.000000	0.949	0.000000	1.119	0.000000	2.123	0.000000	1.513	0.000000	0.040	0.000000	6.684	0.000000	0.446	0.000000
20.166678	20.399988	982.277	0.000000	273.061	0.000000	0.991	0.000000	0.124	0.000000	5.417	0.000000	0.345	0.000000	0.913	0.000000	0.931	0.000000	1.820	0.000000	1.721	0.000000	0.035	0.000000	6.408	0.000000	0.432	0.000000
20.416678	20.649988	983.657	0.000000	273.564	0.000000	0.995	0.000000	0.124	0.000000	5.750	0.000000	0.362	0.000000	0.964	0.000000	1.066	0.000000	1.914	0.000000	1.776	0.000000	0.034	0.000000	6.745	0.000000	0.449	0.000000
20.666678	20.899988	989.046	0.000000	272.712	0.000000	1.093	0.000000	0.129	0.000000	5.345	0.000000	0.342	0.000000	0.871	0.000000	1.046	0.000000	2.007	0.000000	1.398	0.000000	0.035	0.000000	6.438	0.000000	0.434	0.000000
20.916678	21.149988	992.109	0.000000	270.391	0.000000	2.309	0.000000	0.190	0.000000	8.183	0.000000	0.484	0.000000	1.560	0.000000	1.281	0.000000	2.304	0.000000	2.969	0.000000	0.073	0.000000	10.492	0.000000	0.636	0.000000
21.166678	21.399988	994.307	0.000000	269.248	0.000000	2.453	0.000000	0.197	0.000000	8.304	0.000000	0.490	0.000000	1.618	0.000000	1.209	0.000000	2.234	0.000000	3.159	0.000000	0.083	0.000000	10.757	0.000000	0.649	0.000000
21.416678	21.649988	994.692	0.000000	277.775	0.000000	0.748	0.000000	0.112	0.000000	3.573	0.000000	0.253	0.000000	0.556	0.000000	0.631	0.000000	1.340	0.000000	1.028	0.000000	0.023	0.000000	4.322	0.000000	0.328	0.000000
21.666678	21.899988	995.363	0.000000	271.001	0.000000	2.716	0.000000	0.210	0.000000	9.649	0.000000	0.557	0.000000	1.941	0.000000	1.641	0.000000	3.459	0.000000	2.568	0.000000	0.095	0.000000	12.365	0.000000	0.730	0.000000
21.916678	22.149988	996.117	0.000000	271.150	0.000000	1.870	0.000000	0.168	0.000000	8.473	0.000000	0.498	0.000000	1.575	0.000000	1.400	0.000000	2.751	0.000000	2.685	0.000000	0.068	0.000000	10.344	0.000000	0.629	0.000000
22.166678	22.399988	1000.378	0.000000	271.486	0.000000	2.121	0.000000	0.180	0.000000	8.890	0.000000	0.519	0.000000	1.620	0.000000	1.353	0.000000	2.772	0.000000	3.063	0.000000	0.080	0.000000	11.011	0.000000	0.662	0.000000
22.416678	22.649988	1004.422	0.000000	276.099	0.000000	1.528	0.000000	0.151	0.000000	7.168	0.000000	0.433	0.000000	1.178	0.000000	1.170	0.000000	2.229	0.000000	2.548	0.000000	0.050	0.000000	8.696	0.000000	0.546	0.000000
22.666678	22.899988	1007.917	0.000000	271.340	0.000000	1.707	0.000000	0.160	0.000000	8.396	0.000000	0.494	0.000000	1.404	0.000000	1.382	0.000000	2.701	0.000000	2.854	0.000000	0.061	0.000000	10.103	0.000000	0.617	0.000000
22.916678	23.149988	1009.703	0.000000	271.629	0.000000	4.490	0.000000	0.299	0.000000	19.680	0.000000	1.058	0.000000	4.946	0.000000	2.902	0.000000	6.182	0.000000	5.448	0.000000	0.207	0.000000	24.171	0.000000	1.320	0.000000
23.166678	23.399988	1011.000	0.000000	273.132	0.000000	2.840	0.000000	0.216	0.000000	12.871	0.000000	0.718	0.000000	2.583	0.000000	1.888	0.000000	3.843	0.000000	4.447	0.000000	0.111	0.000000	15.711	0.000000	0.897	0.000000
23.666678	23.899988	1010.437	0.000000	274.400	0.000000	2.135	0.000000	0.181	0.000000	11.499	0.000000	0.649	0.000000	2.098	0.000000	1.575	0.000000	3.395	0.000000	4.382	0.000000	0.053	0.000000	13.634	0.000000	0.793	0.000000
23.916678	24.149988	1008.461	0.000000	271.781	0.000000	0.949	0.000000	0.122	0.000000	6.706	0.000000	0.410	0.000000	1.342	0.000000	0.903	0.000000	1.816	0.000000	2.618	0.000000	0.033	0.000000	7.655	0.000000	0.494	0.000000
24.166678	24.399988	1006.735	0.000000	271.302	0.000000	0.907	0.000000	0.120	0.000000	4.614	0.000000	0.305	0.000000	0.885	0.000000	0.738	0.000000	1.281	0.000000	1.689	0.000000	0.027	0.000000	5.520	0.000000	0.388	0.000000
24.416678	24.649988	1004.493	0.000000	278.846	0.000000	0.802	0.000000	0.114	0.000000	4.165	0.000000	0.283	0.000000	0.670	0.000000	0.693	0.000000	1.230	0.000000	1.558	0.000000	0.021	0.000000	4.967	0.000000	0.360	0.000000
24.666678	24.899988	1003.168	0.000000	272.385	0.000000	2.087	0.000000	0.179	0.000000	8.437	0.000000	0.496	0.000000	1.647	0.000000	1.352	0.000000	2.606	0.000000	2.767	0.000000	0.069	0.000000	10.524	0.000000	0.638	0.000000
24.916678	25.149988	1001.561	0.000000	272.433	0.000000	2.267	0.000000	0.188	0.000000	9.906	0.000000	0.570	0.000000	1.968	0.000000	1.627	0.000000	3.184	0.000000	3.042	0.000000	0.087	0.000000	12.173	0.000000	0.720	0.000000
25.166678	25.399988	1000.700	0.000000	273.102	0.000000	1.737	0.000000	0.161	0.000000	8.206	0.000000	0.485	0.000000	1.438	0.000000	1.285	0.000000	2.698	0.000000	2.736	0.000000	0.060	0.000000	9.943	0.000000	0.609	0.000000
25.416678	25.649988	1000.541	0.000000	277.257	0.000000	2.080	0.000000	0.178	0.000000	8.561	0.000000	0.502	0.000000	1.286	0.000000	1.333	0.000000	2.787	0.000000	3.094	0.000000	0.070	0.000000	10.642	0.000000	0.644	0.000000
25.666678	25.899988	1002.541	0.000000	275.284	0.000000	3.074	0.000000	0.228	0.000000	12.044	0.000000	0.677	0.000000	2.277	0.000000	1.928	0.000000	4.059	0.000000	3.660	0.000000	0.122	0.000000	15.118	0.000000	0.867	0.000000
25.916678	26.149988	1004.152	0.000000	272.126	0.000000	2.958	0.000000	0.222	0.000000	13.098	0.000000	0.729	0.000000	2.433	0.000000	2.123	0.000000	4.591	0.000000	3.821	0.000000	0.133	0.000000	16.056	0.000000	0.914	0.000000
26.166678	26.399988	1006.901	0.000000	271.802	0.000000	1.954	0.000000	0.172	0.000000	9.589	0.000000	0.554	0.000000	1.646	0.000000	1.497	0.000000	3.283	0.000000	3.087	0.000000	0.082	0.000000	11.543	0.000000	0.689	0.000000
26.416678	26.649988	1008.663	0.000000	280.784	0.000000	2.514	0.000000	0.200	0.000000	12.306	0.000000	0.690	0.000000	1.840	0.000000	1.729	0.000000	3.585	0.000000	5.067	0.000000	0.091	0.000000	14.821	0.000000	0.853	0.000000
26.666678	26.899988	1011.108	0.000000	275.814	0.000000	2.745	0.000000	0.212	0.000000	12.515	0.000000	0.700	0.000000	2.204	0.000000	1.804	0.000000	3.611	0.000000	4.803	0.000000	0.098	0.000000	15.260	0.000000	0.875	0.000000
