ebas_test_data/HU0002R.20171202070000.20181114212426..levoglucosan..3mo.2d...lev2.nas
87 1001
Ajtai, Tibor
HU03L, University of Szeged, SZTE, Optics and Quantumelectrinics Department, Dóm square 9, , 6720, Szeged, Hungary
Kun Szabó, Fruzsina; Motika, Gábor
EMEP COLOSSAL CAMPAIGN
1 1
2017 11 30 2018 11 14
0
days from file reference point
7
1 1 1 1 1 1 1
999.999999 9999.9 9.999 9999.9 9.999 999.9 9.999
end_time of measurement, days from the file reference point
levoglucosan, ng/m3
numflag levoglucosan, no unit
mannosan, ng/m3
numflag mannosan, no unit
galactosan, ng/m3
numflag galactosan, no unit
0
66
Data definition:              EBAS_1.1
Set type code:                TI
Timezone:                     UTC
File name:                    HU0002R.20171202070000.20181114212426..levoglucosan..3mo.2d...lev2.nas
File creation:                20181114212426
Startdate:                    20171202070000
Revision date:                20181114212426
Version:                      1
Version description:          initial revision
Statistics:                   arithmetic mean
Data level:                   2
Period code:                  3mo
Resolution code:              2d
Sample duration:              1d
Orig. time res.:              
Station code:                 HU0002R
Platform code:                HU0002S
Station name:                 K-puszta
Station WDCA-ID:              GAWAHU__KPS
Station GAW-ID:               KPS
Station GAW-Name:             K-Puszta
Station land use:             Forest
Station setting:              Rural
Station GAW type:             R
Station WMO region:           6
Station latitude:             46.96682
Station longitude:            19.545776
Station altitude:             122.0 m
Measurement height:           4.0 m
Regime:                       IMG
Component:                    levoglucosan
Unit:                         ng/m3
Matrix:                       
Laboratory code:              HU03L
Instrument type:              
Instrument name:              
Instrument manufacturer:      
Instrument model:             
Instrument serial number:     
Method ref:                   
Standard method:              
Inlet type:                   Impactor--direct
Inlet description:            
Flow rate:                    
Filter face velocity:         
Exposed filter area:          
Filter description:           
Medium:                       Quartz
Filter prefiring:             Prefired by previous analysis
Filter conditioning:          None
Sample preparation:           None
Blank correction:             
Artifact correction:          None
Artifact correction description: 
Charring correction:          
Humidity/temperature control: None
Humidity/temperature control description: filter kept at ambient conditions
Volume std. temperature:      ambient
Volume std. pressure:         ambient
Zero/negative values code:    Zero/negative possible
Zero/negative values:         Zero and neg. values may appear due to statistical variations at very low concentrations
Originator:                   Ajtai, Tibor, ajtai@titan.physx.u-szeged.hu, University of Szeged, SZTE, Optics and Quantumelectrinics Department, Dóm square 9, , 6720, Szeged, Hungary
Submitter:                    Kun Szabó, Fruzsina, kszfruzsina@titan.physx.u-szeged.hu, University of Szeged, SZTE, Optics and Quantumelectrinics Department, Dóm square 9, , 6720, Szeged, Hungary
Submitter:                    Motika, Gábor, motika.gabor@gmail.com, University of Szeged, SZTE, Optics and Quantumelectrinics Department, Dóm square 9, , 6720, Szeged, Hungary
Acknowledgement:              Request acknowledgement details from data originator
start_time	end_time	levo_ng/m3	levo_flag	man_ng/m3	man_flag	gal_ng/m3	gal_flag
2.291667	3.291667	990.0	0.000	128.0	0.000	46.6	0.000
3.291667	4.291667	397.0	0.000	61.4	0.000	19.3	0.000
5.291667	6.291667	175.0	0.000	21.3	0.000	7.7	0.000
6.291667	7.291667	175.0	0.000	41.8	0.000	20.2	0.000
7.291667	8.291667	882.0	0.000	73.4	0.000	36.3	0.000
9.291667	10.291667	185.0	0.000	26.7	0.000	8.3	0.000
10.291667	11.291667	270.0	0.000	21.5	0.000	10.1	0.000
20.291667	22.291667	1003.0	0.000	114.8	0.000	48.1	0.000
22.291667	23.291667	515.0	0.000	59.5	0.000	21.5	0.000
23.291667	24.291667	311.0	0.000	31.5	0.000	11.4	0.000
37.291667	39.291667	1029.0	0.000	91.4	0.000	40.7	0.000
39.291667	42.291667	493.0	0.000	45.7	0.000	20.2	0.000
44.291667	45.291667	431.0	0.000	43.6	0.000	18.9	0.000
46.291667	47.291667	473.0	0.000	43.7	0.000	20.8	0.000
48.291667	49.291667	383.0	0.000	40.5	0.000	16.1	0.000
49.291667	50.291667	187.0	0.000	14.2	0.000	5.6	0.000
51.291667	52.291667	324.0	0.000	26.9	0.000	13.7	0.000
54.291667	55.291667	1050.0	0.000	115.8	0.000	48.7	0.000
57.291667	59.291667	1004.0	0.000	102.0	0.000	48.5	0.000
62.291667	64.291667	330.0	0.000	29.4	0.000	12.3	0.000
64.291667	65.291667	294.0	0.000	35.6	0.000	13.2	0.000
67.291667	68.291667	831.0	0.000	102.7	0.000	38.9	0.000
70.291667	71.291667	755.0	0.000	104.0	0.000	39.3	0.000
71.291667	72.291667	915.0	0.000	118.6	0.000	46.8	0.000
73.291667	74.291667	701.0	0.000	80.1	0.000	32.1	0.000
74.291667	75.291667	762.0	0.000	84.8	0.000	36.3	0.000
75.291667	76.291667	379.0	0.000	37.0	0.000	15.1	0.000
77.291667	78.291667	632.0	0.000	72.8	0.000	27.8	0.000
80.291667	81.291667	334.0	0.000	36.9	0.000	14.7	0.000
82.291667	83.291667	569.0	0.000	51.5	0.000	22.8	0.000
84.291667	85.291667	314.0	0.000	37.9	0.000	16.1	0.000
86.291667	87.291667	335.0	0.000	48.6	0.000	19.0	0.000
87.291667	88.291667	251.0	0.000	33.7	0.000	12.8	0.000
88.291667	89.291667	262.0	0.000	29.6	0.000	13.0	0.000
90.291667	91.291667	758.0	0.000	88.6	0.000	37.8	0.000
