ebas_test_data/HU0002R.20180109160001.20181114212540...organic_carbon.pm10.6w.6h.HU03L_Sunset_OCEC_HU2.HU03L_rtquartz.lev2.nas
107 1001
Ajtai, Tibor
HU03L, University of Szeged, SZTE, Optics and Quantumelectrinics Department, Dóm square 9, , 6720, Szeged, Hungary
Kun Szabó, Fruzsina; Motika, Gábor
EMEP COLOSSAL CAMPAIGN
1 1
2018 01 01 2018 11 14
0
days from file reference point
27
1 1 1 1 1 1 1 1 1 1 1 1 1 1 1 1 1 1 1 1 1 1 1 1 1 1 1
99.999999 99999.999 9.999999 9999.999 9.999999 99.999 9.999999 9.999 9.999999 999.999 9.999999 99.999 9.999999 99.999 9.999999 99.999 9.999999 99.999	9.999999 99.999 9.999999 9.999 9.999999 999.999 9.999999 99.999 9.999999
end_time of measurement, days from the file reference point
pressure, hPa
numflag pressure, no unit
temperature, K
numflag temperature, no unit
elemental_carbon, ug C/m3, Detection limit=0.4 ug C/m3
numflag elemental_carbon, no unit, Detection limit=0.4 ug C/m3
elemental_carbon, ug C/m3, Statistics=uncertainty
numflag elemental_carbon, no unit, Statistics=uncertainty
organic_carbon, ug C/m3, Detection limit=0.4 ug C/m3
numflag organic_carbon, no unit, Detection limit=0.4 ug C/m3
organic_carbon, ug C/m3, Statistics=uncertainty
numflag organic_carbon, no unit, Statistics=uncertainty
organic_carbon, ug C/m3, Fraction=OC1
numflag organic_carbon, no unit, Fraction=OC1
organic_carbon, ug C/m3, Fraction=OC2
numflag organic_carbon, no unit, Fraction=OC2
organic_carbon, ug C/m3, Fraction=OC3
numflag organic_carbon, no unit, Fraction=OC3
organic_carbon, ug C/m3, Fraction=OC4
numflag organic_carbon, no unit, Fraction=OC4
organic_carbon, ug C/m3, Fraction=OCPyr
numflag organic_carbon, no unit, Fraction=OCPyr
total_carbon, ug C/m3, Detection limit=0.4 ug C/m3
numflag total_carbon, no unit, Detection limit=0.4 ug C/m3
total_carbon, ug C/m3, Statistics=uncertainty
numflag total_carbon, no unit, Statistics=uncertainty
0
66
Data definition:              EBAS_1.1
Set type code:                TI
Timezone:                     UTC
File name:                    HU0002R.20180109160001.20181114212540.online_thermal-optical_analysis.organic_carbon.pm10.6w.6h.HU03L_SunsetLaboratoryOCEC_HU2.HU03L_rtquartz.lev2.nas
File creation:                20181114212540
Startdate:                    20180109160001
Revision date:                20181114212540
Version:                      1
Version description:          initial revision
Statistics:                   arithmetic mean
Data level:                   2
Period code:                  6w
Resolution code:              6h
Sample duration:              6h
Orig. time res.:              6h
Station code:                 HU0002R
Platform code:                HU0002S
Station name:                 K-puszta
Station WDCA-ID:              GAWAHU__KPS
Station GAW-ID:               KPS
Station GAW-Name:             K-Puszta
Station land use:             Forest
Station setting:              Rural
Station GAW type:             R
Station WMO region:           6
Station latitude:             46.96682
Station longitude:            19.545776
Station altitude:             122.0 m
Measurement height:           4.0 m
Regime:                       IMG
Component:                    organic_carbon
Unit:                         ug C/m3
Matrix:                       pm10
Laboratory code:              HU03L
Instrument type:              online_thermal-optical_analysis
Instrument name:              SunsetLaboratoryOCEC_HU2
[...]
Medium:                       Quartz
Filter prefiring:             Prefired by previous analysis
Filter conditioning:          None
Sample preparation:           None
Blank correction:             Not blank corrected
Artifact correction:          None
Artifact correction description: No denuder used.
Charring correction:          By laser transmission
Humidity/temperature control: None
Humidity/temperature control description: filter kept at ambient conditions
Volume std. temperature:      ambient
Volume std. pressure:         ambient
Zero/negative values code:    Zero/negative possible
Zero/negative values:         Zero and neg. values may appear due to statistical variations at very low concentrations
Originator:                   Ajtai, Tibor, ajtai@titan.physx.u-szeged.hu, University of Szeged, SZTE, Optics and Quantumelectrinics Department, Dóm square 9, , 6720, Szeged, Hungary
Submitter:                    Kun Szabó, Fruzsina, kszfruzsina@titan.physx.u-szeged.hu, University of Szeged, SZTE, Optics and Quantumelectrinics Department, Dóm square 9, , 6720, Szeged, Hungary
Submitter:                    Motika, Gábor, motika.gabor@gmail.com, University of Szeged, SZTE, Optics and Quantumelectrinics Department, Dóm square 9, , 6720, Szeged, Hungary
Acknowledgement:              Request acknowledgement details from data originator
starttime	endtime	press	flag_press	temp	flag_temp	EC	flag_EC	EC_unc	flag_EC_unc	OC	flag_OC	OC_unc	flag_OC_unc	OC_peak1	flag_OC_peak1	OC_peak2	flag_OC_peak2	OC_peak3	flag_OC_peak3	OC_peak4	flag_OC_peak4	OC_pyr	flag_OC_pyr	TC	flag_TC	TC_unc	flag_TC_unc
[from data line 133]
42.916678	43.149988	992.339	0.000000	273.522	0.000000	2.472	0.000000	0.198	0.000000	11.651	0.000000	0.657	0.000000	2.686	0.000000	1.632	0.000000	3.626	0.000000	3.602	0.000000	0.107	0.000000	14.123	0.000000	0.818	0.000000
43.166678	43.399988	992.399	0.000000	273.721	0.000000	1.308	0.000000	0.140	0.000000	6.028	0.000000	0.376	0.000000	1.201	0.000000	0.856	0.000000	1.788	0.000000	2.135	0.000000	0.049	0.000000	7.336	0.000000	0.478	0.000000
43.41669	43.650000	990.458	0.000000	274.826	0.000000	0.844	0.000000	0.117	0.000000	4.268	0.000000	0.288	0.000000	0.807	0.000000	0.750	0.000000	1.383	0.000000	1.340	0.000000	0.028	0.000000	5.112	0.000000	0.367	0.000000
43.666678	43.899988	989.058	0.000000	273.242	0.000000	1.379	0.000000	0.143	0.000000	6.268	0.000000	0.388	0.000000	1.125	0.000000	1.067	0.000000	2.095	0.000000	1.988	0.000000	0.053	0.000000	7.647	0.000000	0.494	0.000000
43.916678	44.149988	987.883	0.000000	273.150	0.000000	0.587	0.000000	0.104	0.000000	3.473	0.000000	0.248	0.000000	0.507	0.000000	0.632	0.000000	1.406	0.000000	0.948	0.000000	0.028	0.000000	4.061	0.000000	0.314	0.000000
44.166678	44.399988	988.859	0.000000	273.445	0.000000	0.566	0.000000	0.103	0.000000	3.202	0.000000	0.234	0.000000	0.465	0.000000	0.464	0.000000	1.319	0.000000	0.969	0.000000	0.030	0.000000	3.768	0.000000	0.300	0.000000
44.416678	44.649988	990.986	0.000000	274.093	0.000000	0.757	0.000000	0.112	0.000000	5.192	0.000000	0.334	0.000000	0.800	0.000000	0.734	0.000000	1.729	0.000000	1.820	0.000000	0.043	0.000000	5.950	0.000000	0.409	0.000000
44.666678	44.899988	994.073	0.000000	273.150	0.000000	2.244	0.000000	0.187	0.000000	9.355	0.000000	0.542	0.000000	1.772	0.000000	1.583	0.000000	3.230	0.000000	2.772	0.000000	0.090	0.000000	11.599	0.000000	0.691	0.000000
44.916678	45.149988	996.045	0.000000	272.849	0.000000	2.724	0.000000	0.211	0.000000	11.911	0.000000	0.670	0.000000	2.674	0.000000	2.168	0.000000	3.749	0.000000	3.231	0.000000	0.095	0.000000	14.635	0.000000	0.843	0.000000
45.416678	45.649988	1001.330	0.000000	278.778	0.000000	0.874	0.000000	0.118	0.000000	7.041	0.000000	0.426	0.000000	1.102	0.000000	1.107	0.000000	2.137	0.000000	2.744	0.000000	0.032	0.000000	7.915	0.000000	0.507	0.000000
45.666678	45.899988	1003.064	0.000000	270.364	0.000000	1.463	0.000000	0.148	0.000000	5.387	0.000000	0.344	0.000000	1.097	0.000000	0.618	0.000000	1.450	0.000000	2.254	0.000000	0.053	0.000000	6.851	0.000000	0.454	0.000000
45.916678	46.149988	1003.937	0.000000	270.983	0.000000	2.262	0.000000	0.187	0.000000	11.330	0.000000	0.641	0.000000	2.501	0.000000	1.772	0.000000	3.409	0.000000	3.568	0.000000	0.096	0.000000	13.592	0.000000	0.791	0.000000
46.166678	46.399988	1003.818	0.000000	271.861	0.000000	2.192	0.000000	0.184	0.000000	10.180	0.000000	0.583	0.000000	1.896	0.000000	1.808	0.000000	3.205	0.000000	3.218	0.000000	0.081	0.000000	12.372	0.000000	0.730	0.000000
46.416678	46.649988	1004.322	0.000000	277.207	0.000000	1.540	0.000000	0.151	0.000000	7.765	0.000000	0.463	0.000000	1.451	0.000000	1.401	0.000000	2.301	0.000000	2.565	0.000000	0.052	0.000000	9.305	0.000000	0.577	0.000000
46.666678	46.899988	1005.267	0.000000	272.590	0.000000	2.694	0.000000	0.209	0.000000	11.484	0.000000	0.649	0.000000	2.163	0.000000	2.114	0.000000	3.642	0.000000	3.480	0.000000	0.090	0.000000	14.178	0.000000	0.821	0.000000
46.916678	47.149988	1006.334	0.000000	272.210	0.000000	4.188	0.000000	0.284	0.000000	17.185	0.000000	0.934	0.000000	3.862	0.000000	3.065	0.000000	5.531	0.000000	4.575	0.000000	0.161	0.000000	21.372	0.000000	1.180	0.000000
47.166678	47.399988	1005.346	0.000000	273.718	0.000000	1.787	0.000000	0.164	0.000000	7.905	0.000000	0.470	0.000000	1.494	0.000000	1.242	0.000000	2.274	0.000000	2.841	0.000000	0.055	0.000000	9.692	0.000000	0.596	0.000000
47.416678	47.649988	1001.969	0.000000	277.096	0.000000	1.202	0.000000	0.135	0.000000	6.851	0.000000	0.417	0.000000	1.426	0.000000	1.287	0.000000	1.744	0.000000	2.365	0.000000	0.033	0.000000	8.053	0.000000	0.514	0.000000
47.666678	47.899988	999.224	0.000000	273.846	0.000000	2.164	0.000000	0.183	0.000000	11.186	0.000000	0.634	0.000000	2.104	0.000000	2.318	0.000000	2.904	0.000000	3.809	0.000000	0.054	0.000000	13.349	0.000000	0.779	0.000000
47.916678	48.149988	998.267	0.000000	272.394	0.000000	1.662	0.000000	0.158	0.000000	9.800	0.000000	0.564	0.000000	1.784	0.000000	2.068	0.000000	2.863	0.000000	3.029	0.000000	0.049	0.000000	11.462	0.000000	0.685	0.000000
48.166678	48.399988	1000.033	0.000000	273.215	0.000000	1.092	0.000000	0.129	0.000000	6.564	0.000000	0.403	0.000000	1.268	0.000000	1.312	0.000000	2.186	0.000000	1.771	0.000000	0.030	0.000000	7.656	0.000000	0.494	0.000000
48.416678	48.649988	1001.838	0.000000	280.820	0.000000	0.368	0.147000	0.093	0.000000	3.697	0.000000	0.259	0.000000	0.802	0.000000	0.516	0.000000	1.246	0.000000	1.141	0.000000	0.020	0.000000	4.065	0.000000	0.315	0.000000
48.666678	48.899988	1003.620	0.000000	273.123	0.000000	1.888	0.000000	0.169	0.000000	8.857	0.000000	0.517	0.000000	1.574	0.000000	1.628	0.000000	3.279	0.000000	2.316	0.000000	0.062	0.000000	10.745	0.000000	0.649	0.000000
48.916678	49.149988	1003.303	0.000000	270.626	0.000000	0.695	0.000000	0.109	0.000000	4.968	0.000000	0.323	0.000000	1.085	0.000000	0.656	0.000000	1.496	0.000000	1.724	0.000000	0.036	0.000000	5.663	0.000000	0.395	0.000000
49.166678	49.399988	1002.315	0.000000	271.201	0.000000	0.948	0.000000	0.122	0.000000	5.407	0.000000	0.345	0.000000	1.137	0.000000	0.791	0.000000	1.832	0.000000	1.615	0.000000	0.033	0.000000	6.356	0.000000	0.429	0.000000
49.416678	49.649988	999.608	0.000000	277.858	0.000000	0.886	0.000000	0.119	0.000000	5.585	0.000000	0.354	0.000000	1.083	0.000000	0.882	0.000000	2.052	0.000000	1.545	0.000000	0.026	0.000000	6.472	0.000000	0.435	0.000000
49.666678	49.899988	997.228	0.000000	273.840	0.000000	0.676	0.000000	0.108	0.000000	5.316	0.000000	0.340	0.000000	0.805	0.000000	0.680	0.000000	1.916	0.000000	1.948	0.000000	0.038	0.000000	5.992	0.000000	0.411	0.000000
49.916678	50.149988	994.545	0.000000	272.710	0.000000	1.111	0.000000	0.130	0.000000	7.491	0.000000	0.449	0.000000	1.439	0.000000	1.165	0.000000	2.577	0.000000	2.292	0.000000	0.043	0.000000	8.602	0.000000	0.542	0.000000
