ebas_test_data/IE0006R.20180118000000.20190625160000.high_vol_sampler.levo.pm25.48d.1d.IE04L_MLH_hvs_0001.IE04L_MLH_sunset_001.lev2.nas
98 1001
Martin, Damien
IE04L, "National University of Ireland, Galway", NUIG, School of Physics, University Road, , , Galway, Ireland
Spohn, Teresa
EMEP COLOSSAL CAMPAIGN
1 1
2018 01 18 2019 06 25
1
days from file reference point
7
1 1 1 1 1 1 1
99.999999 9999.999 9.999999 9999.999 9.999999 9999.999 9.999999
end_time of measurement, days from the file reference point
levoglucosan, ng/m3, Detection limit=0.355 ng/m3
numflag levoglucosan, no unit
mannosan, ng/m3, Detection limit=0.355 ng/m3
numflag mannosan, no unit
galactosan, ng/m3, Detection limit=0.355 ng/m3
numflag galactosan, no unit
0
77
Data definition:                         EBAS_1.1 
Set type code:                           TU 
Timezone:                                UTC 
File name:                               IE0006R.20180118000000.20190625160000.high_vol_sampler.levo.pm25.48d.1d.IE04L_MLH_hvs_0001.IE04L_MLH_sunset_001.lev2.nas
Startdate:                               20180118070000 
Revision date:                           20190625160000 
Version:                                 1 
Version description:                     initial revision, manually inspected 
Data level:                              2 
Period code:                             48d 
Resolution code:                         1d 
Sample duration:                         1d 
Orig. time res.:                         1d 
Station code:                            IE0006R 
Platform code:                           IE0006S 
Station name:                            Malin Head 
Station WDCA-ID:                          
Station GAW-Name:                        Malin Head 
Station GAW-ID:                          MLH 
Station AIRS-ID:                          
Station other IDs:                        
Station state/province:                  Donegal 
Station land use:                        Grassland
Station setting:                         Coastal 
Station GAW type:                        G 
Station WMO region:                      6 
Station latitude:                        55.375 
Station longitude:                       -7.342778 
Station altitude:                        20 m 
Measurement latitude:                    55.375 
Measurement longitude:                   -7.342778 
Measurement altitude:                    22m 
Measurement height:                      22m 
Component:                               levoglucosan 
Unit:                                    ng/m3 
Matrix:                                  pm25 
Laboratory code:                         IE04L 
Instrument type:                         high_vol_sampler 
Instrument manufacturer:                 DIGITEL 
Instrument model:                        DHA-80 
Instrument name:                         MLH_hvs_0001 
Instrument serial number:                 
Analytical laboratory code:              IE04L 
Analytical measurement technique:        thermal-optical_analysis 
Analytical instrument manufacturer:      Sunset Laboratory 
Analytical instrument model:             Carbon Aerosol Analyzer
Analytical instrument name:              MLH_sunset_001 
Analytical instrument serial number:      
Charring correction:                     By laser transmission 
Standard method:                         TEMP=EUSAAR_2 
Inlet type:                              Hat or hood 
Inlet description:                       Upward facing with rain shield 
Flow rate:                               500 l/min 
Filter face velocity:                     
Exposed filter area:                     153.938 cm2 
Humidity/temperature control:            None 
Humidity/temperature control description:filter kept at ambient conditions together with sampling head 
Medium:                                  Quartz 
Filter description:                      Pallflex, Tissuquartz 2500QAT-UP, pure quartz, no binder
Filter prefiring:                        1123.15K, 3h 
Filter conditioning:                     293.15K, 50%RH, 48h 
Sample preparation:                      None 
Blank correction:                        Blank corrected
Artifact correction:                     None 
Artifact correction description:          
Detection limit expl.:                   Determined by taking 3 times standard deviation of ensemble of field blanks 
Measurement uncertainty expl.:           Measurement uncertainty includes quantifiable uncertainty
Zero/negative values code:               Zero/negative possible 
Zero/negative values:                    Zero/negative values reported as measured if within detection limit, flagged with 780 
QA1 measure ID:                          
QA1 date:                                
QA1 document URL:                                               
Originator:                              Martin, Damien, damien.martin@nuigalway.ie, "National University of Ireland, Galway", NUIG, School of Physics, University Road, , , Galway, Ireland 
Submitter:                               Spohn, Teresa, t.spohn2@nuigalway.ie, "National University of Ireland, Galway", NUIG, School of Physics, University Road, , , Galway, Ireland
Acknowledgement:                         Request acknowledgement details from data originator 
Comment:                                  
start_time end_time levo levo_flag manno manno_flag galacto galacto_flag
 0.291667  1.291667   12.870 0.000000    2.680 0.000000 9999.999 0.999000
 1.291667  2.291667    5.531 0.000000    0.830 0.000000 9999.999 0.999000
 2.291667  3.291667  146.696 0.000000   25.974 0.000000    7.509 0.000000
 3.291667  4.291667   37.929 0.000000    7.275 0.000000    1.532 0.000000
 4.291667  5.291667   18.635 0.000000    2.978 0.000000 9999.999 0.999000
 5.291667  6.291667   23.676 0.000000    3.765 0.000000    1.532 0.000000
 6.291667  7.291667   22.145 0.000000 9999.999 0.999000 9999.999 0.999000
 7.291667  8.291667    7.084 0.000000    0.532 0.000000 9999.999 0.999000
 8.291667  9.291667   42.588 0.000000    6.446 0.000000    2.808 0.000000
 9.291667 10.291667    4.765 0.000000    1.149 0.000000 9999.999 0.999000
10.291667 11.291667    7.148 0.000000    2.042 0.000000 9999.999 0.999000
11.291667 12.291667   29.186 0.000000    3.404 0.000000 9999.999 0.999000
12.291667 13.291667   10.296 0.000000    2.297 0.000000 9999.999 0.999000
13.291667 14.291667    1.276 0.000000 9999.999 0.999000 9999.999 0.999000
14.291667 15.291667 9999.999 0.999000 9999.999 0.999000 9999.999 0.999000
15.291667 16.291667   20.890 0.000000    3.680 0.000000 9999.999 0.999000
16.291667 17.291667 9999.999 0.999000 9999.999 0.999000 9999.999 0.999000
17.291667 18.291667   64.605 0.000000   19.082 0.000000    3.170 0.000000
18.291667 19.291667   93.472 0.000000   15.338 0.000000    9.083 0.000000
19.291667 20.291667 9999.999 0.999000 9999.999 0.999000 9999.999 0.999000
20.291667 21.291667   34.398 0.000000    6.148 0.000000    1.914 0.000000
21.291667 22.291667    9.062 0.000000    4.382 0.000000 9999.999 0.999000
22.291667 23.291667   22.400 0.000000    3.680 0.000000 9999.999 0.999000
23.291667 24.291667   17.039 0.000000    2.000 0.000000 9999.999 0.999000
24.291667 25.291667    0.787 0.000000 9999.999 0.999000 9999.999 0.999000
25.291667 26.291667   38.865 0.000000    7.573 0.000000 9999.999 0.999000
26.291667 27.291667   20.166 0.000000    4.276 0.000000 9999.999 0.999000
27.291667 28.291667   27.591 0.000000    3.638 0.000000 9999.999 0.999000
28.291667 29.291667    7.935 0.000000    1.489 0.000000 9999.999 0.999000
29.291667 30.291667   57.266 0.000000    7.509 0.000000    4.148 0.000000
30.291667 31.291667   92.366 0.000000   18.784 0.000000    4.531 0.000000
31.291667 32.291667   43.417 0.000000    8.786 0.000000    1.298 0.000000
32.291667 33.291667    7.786 0.000000 9999.999 0.999000 9999.999 0.999000
33.291667 34.291667   44.736 0.000000   11.062 0.000000 9999.999 0.999000
34.291667 35.291667  103.278 0.000000   14.295 0.000000    6.297 0.000000
35.291667 36.291667  111.766 0.000000   17.209 0.000000    4.914 0.000000
36.291667 37.291667  113.787 0.000000   16.167 0.000000    4.935 0.000000
37.291667 38.291667  151.716 0.000000   17.465 0.000000    7.233 0.000000
38.291667 39.291667  110.043 0.000000   16.465 0.000000    5.680 0.000000
39.291667 40.291667  112.894 0.000000   15.061 0.000000    9.828 0.000000
40.291667 41.291667   17.125 0.000000    4.723 0.000000    1.447 0.000000
41.291667 42.291667    2.957 0.000000 9999.999 0.999000 9999.999 0.999000
42.291667 43.291667    6.403 0.000000    1.361 0.000000 9999.999 0.999000
43.291667 44.291667    6.275 0.000000    1.276 0.000000 9999.999 0.999000
44.291667 45.291667   36.057 0.000000    4.935 0.000000    2.404 0.000000
45.291667 46.291667   70.285 0.000000   11.232 0.000000 9999.999 0.999000
46.291667 47.291667   59.585 0.000000    6.701 0.000000 9999.999 0.999000
47.291667 48.291667   85.133 0.000000   18.316 0.000000    8.700 0.000000
