ebas_test_data/IE0007R.20180129000000.20191024160000.high_vol_sampler.ocec.pm25.34d.1d.IE04L_CRP_hvs_0001.IE04L_CRP_sunset_001.lev2.nas
98 1001
Martin, Damien
IE04L, "National University of Ireland, Galway", NUIG, School of Physics, University Road, , , Galway, Ireland
Spohn, Teresa
EMEP COLOSSAL CAMPAIGN 
1 1
2018 01 29 2019 10 24
1
days from file reference point
7
1 1 1 1 1 1 1
99.999999 99.999 9.999 99.999 9.999 99.999 9.999
end_time of measurement, days from the file reference point
total_carbon, ug C/m3, QA1 bias=4%, QA1 variability=4%, Detection limit=0.015 ug C/m3
numflag total_carbon, no unit
elemental_carbon, ug C/m3, QA1 bias=10%, QA1 variability=15%, Detection limit=0.015 ug C/m3
numflag elemental_carbon, no unit
organic_carbon, ug C/m3, QA1 bias=5%, QA1 variability=6%, Detection limit=0.007 ug C/m3
numflag organic_carbon, no unit
0
77
Data definition:                         EBAS_1.1 
Set type code:                           TU 
Timezone:                                UTC 
File name:                               IE0007R.20180129000000.20191024160000.high_vol_sampler.ocec.pm25.34d.1d.IE04L_CRP_hvs_0001.IE04L_CRP_sunset_001.lev2.nas
Startdate:                               20180129070000 
Revision date:                           20191024160000 
Version:                                 2 
Version description:                     updated version, manually inspected 
Data level:                              2 
Period code:                             34d 
Resolution code:                         1d 
Sample duration:                         1d 
Orig. time res.:                         1d 
Station code:                            IE0007R 
Platform code:                           IE0007S 
Station name:                            Carnsore Point 
Station WDCA-ID:                          
Station GAW-Name:                        Carnsore Point 
Station GAW-ID:                          CRP 
Station AIRS-ID:                          
Station other IDs:                        
Station state/province:                  Wexford 
Station land use:                        Grassland
Station setting:                         Coastal 
Station GAW type:                        G 
Station WMO region:                      6 
Station latitude:                        52.176 
Station longitude:                       -6.3356 
Station altitude:                        9 m 
Measurement latitude:                    52.176 
Measurement longitude:                   -6.33567 
Measurement altitude:                    21m 
Measurement height:                      12m 
Component:                               ocec 
Unit:                                    ug C/m3 
Matrix:                                  pm25 
Laboratory code:                         IE04L 
Instrument type:                         high_vol_sampler 
Instrument manufacturer:                 DIGITEL
Instrument model:                        DHA-80 
Instrument name:                         CRP_hvs_0001 
Instrument serial number:                 
Analytical laboratory code:              IE04L 
Analytical measurement technique:        thermal-optical_analysis 
Analytical instrument manufacturer:      Sunset Laboratory 
Analytical instrument model:             Carbon Aerosol Analyzer 
Analytical instrument name:              CRP_sunset_001 
Analytical instrument serial number:      
Charring correction:                     By laser transmission 
Standard method:                         TEMP=EUSAAR_2 
Inlet type:                              Hat or hood 
Inlet description:                       Upward facing with rain shield 
Flow rate:                               500 l/min 
Filter face velocity:                     
Exposed filter area:                     153.938 cm2 
Humidity/temperature control:            None 
Humidity/temperature control description:filter kept at ambient conditions together with sampling head 
Medium:                                  Quartz 
Filter description:                      Pallflex, Tissuquartz 2500QAT-UP, pure quartz, no binder
Filter prefiring:                        1123.15K, 3h 
Filter conditioning:                     293.15K, 50%RH, 48h 
Sample preparation:                      None 
Blank correction:                        Blank corrected
Artifact correction:                     None 
Artifact correction description:          
Detection limit expl.:                   Determined by taking 3 times standard deviation of ensemble of field blanks 
Measurement uncertainty expl.:           Measurement uncertainty includes quantifiable uncertainty
Zero/negative values code:               Zero/negative possible 
Zero/negative values:                    Zero/negative values reported as measured if within detection limit, flagged with 780 
QA1 measure ID:                          ECAC-OCEC-2018-1
QA1 date:                                20180401
QA1 document URL:                        "http://www.actris-ecac.eu/files/ECAC-report-OCEC-2018-1.pdf"                    
Originator:                              Martin, Damien, damien.martin@nuigalway.ie, "National University of Ireland, Galway", NUIG, School of Physics, University Road, , , Galway, Ireland 
Submitter:                               Spohn, Teresa, t.spohn2@nuigalway.ie, "National University of Ireland, Galway", NUIG, School of Physics, University Road, , , Galway, Ireland
Acknowledgement:                         Request acknowledgement details from data originator 
Comment:                                  
start_time   	end_time	TC	TC_flag	EC	EC_flag	OC	OC_flag
0.291667	1.291667	2.564	0.000	0.564	0.000	2.001	0.000
1.291667	2.291667	1.914	0.000	0.376	0.000	1.539	0.000
2.291667	3.291667	0.549	0.000	0.082	0.000	0.468	0.000
3.291667	4.291667	0.857	0.000	0.148	0.000	0.709	0.000
4.291667	5.291667	0.742	0.000	0.142	0.000	0.600	0.000
5.291667	6.291667	1.098	0.000	0.185	0.000	0.913	0.000
6.291667	7.291667	0.868	0.000	0.131	0.000	0.737	0.000
7.291667	8.291667	4.774	0.000	0.802	0.000	3.975	0.000
8.291667	9.291667	2.191	0.000	0.487	0.000	1.705	0.000
9.291667	10.291667	0.960	0.000	0.092	0.000	0.869	0.000
10.291667	11.291667	0.450	0.000	0.041	0.000	0.409	0.000
11.291667	12.291667	0.487	0.000	0.092	0.000	0.395	0.000
12.291667	13.291667	0.328	0.000	0.013	0.147	0.316	0.000
13.291667	14.291667	0.922	0.000	0.174	0.000	0.749	0.000
14.291667	15.291667	0.380	0.000	0.019	0.147	0.362	0.000
15.291667	16.291667	0.439	0.000	0.034	0.147	0.409	0.000
16.291667	17.291667	0.259	0.000	0.000	0.147	0.262	0.000
17.291667	18.291667	0.465	0.000	0.000	0.147	0.469	0.000
18.291667	19.291667	0.445	0.000	0.000	0.147	0.449	0.000
19.291667	20.291667	0.523	0.000	0.033	0.147	0.494	0.000
20.291667	21.291667	0.652	0.000	0.127	0.000	0.529	0.000
21.291667	22.291667	1.631	0.000	0.326	0.000	1.309	0.000
22.291667	23.291667	3.263	0.000	0.508	0.000	2.760	0.000
23.291667	24.291667	1.670	0.000	0.289	0.000	1.386	0.000
24.291667	25.291667	1.534	0.000	0.253	0.000	1.285	0.000
25.291667	26.291667	2.829	0.000	0.474	0.000	2.360	0.000
26.291667	27.291667	2.945	0.000	0.444	0.000	2.507	0.000
27.291667	28.291667	2.812	0.000	0.458	0.000	2.360	0.000
28.291667	29.291667	1.410	0.000	0.227	0.000	1.188	0.000
29.291667	30.291667	1.095	0.000	0.182	0.000	0.918	0.000
30.291667	31.291667	3.029	0.000	0.635	0.000	2.399	0.000
31.291667	32.291667	3.788	0.000	0.961	0.000	2.834	0.000
32.291667	33.291667	1.302	0.000	0.221	0.000	1.086	0.000
33.291667	34.291667	2.429	0.000	0.307	0.000	2.127	0.000
