ebas_test_data/IE0006R.20180118000000.20191024160000.high_vol_sampler.ocec.pm25.48d.1d.IE04L_MLH_hvs_0001.IE04L_MLH_sunset_001.lev2.nas
98 1001
Martin, Damien
IE04L, "National University of Ireland, Galway", NUIG, School of Physics, University Road, , , Galway, Ireland
Spohn, Teresa
EMEP COLOSSAL CAMPAIGN 
1 1
2018 01 18 2019 10 24
1
days from file reference point
7
1 1 1 1 1 1 1
99.999999 99.999 9.999 99.999 9.999 99.999 9.999
end_time of measurement, days from the file reference point
total_carbon, ug C/m3, QA1 bias=4%, QA1 variability=4%, Detection limit=0.015 ug C/m3
numflag total_carbon, no unit
elemental_carbon, ug C/m3, QA1 bias=10%, QA1 variability=15%, Detection limit=0.015 ug C/m3
numflag elemental_carbon, no unit
organic_carbon, ug C/m3, QA1 bias=5%, QA1 variability=6%, Detection limit=0.007 ug C/m3
numflag organic_carbon, no unit
0
77
Data definition:                         EBAS_1.1 
Set type code:                           TU 
Timezone:                                UTC 
File name:                               IE0006R.20180118000000.20191024160000.high_vol_sampler.ocec.pm25.48d.1d.IE04L_MLH_hvs_0001.IE04L_MLH_sunset_001.lev2.nas
Startdate:                               20180118070000 
Revision date:                           20191024160000 
Version:                                 2 
Version description:                     updated version, manually inspected 
Data level:                              2 
Period code:                             48d 
Resolution code:                         1d 
Sample duration:                         1d 
Orig. time res.:                         1d 
Station code:                            IE0006R 
Platform code:                           IE0006S 
Station name:                            Malin Head 
Station WDCA-ID:                          
Station GAW-Name:                        Malin Head 
Station GAW-ID:                          MLH 
Station AIRS-ID:                          
Station other IDs:                        
Station state/province:                  Donegal 
Station land use:                        Grassland
Station setting:                         Coastal 
Station GAW type:                        G 
Station WMO region:                      6 
Station latitude:                        55.375 
Station longitude:                       -7.342778 
Station altitude:                        20 m 
Measurement latitude:                    55.375 
Measurement longitude:                   -7.342778 
Measurement altitude:                    22m 
Measurement height:                      22m 
Component:                               ocec 
Unit:                                    ug C/m3 
Matrix:                                  pm25 
Laboratory code:                         IE04L 
Instrument type:                         high_vol_sampler 
Instrument manufacturer:                 DIGITEL 
Instrument model:                        DHA-80 
Instrument name:                         MLH_hvs_0001 
Instrument serial number:                 
Analytical laboratory code:              IE04L 
Analytical measurement technique:        thermal-optical_analysis 
Analytical instrument manufacturer:      Sunset Laboratory 
Analytical instrument model:             Carbon Aerosol Analyzer
Analytical instrument name:              MLH_sunset_001 
Analytical instrument serial number:      
Charring correction:                     By laser transmission 
Standard method:                         TEMP=EUSAAR_2 
Inlet type:                              Hat or hood 
Inlet description:                       Upward facing with rain shield 
Flow rate:                               500 l/min 
Filter face velocity:                     
Exposed filter area:                     153.938 cm2 
Humidity/temperature control:            None 
Humidity/temperature control description:filter kept at ambient conditions together with sampling head 
Medium:                                  Quartz 
Filter description:                      Pallflex, Tissuquartz 2500QAT-UP, pure quartz, no binder
Filter prefiring:                        1123.15K, 3h 
Filter conditioning:                     293.15K, 50%RH, 48h 
Sample preparation:                      None 
Blank correction:                        Blank corrected
Artifact correction:                     None 
Artifact correction description:          
Detection limit expl.:                   Determined by taking 3 times standard deviation of ensemble of field blanks 
Measurement uncertainty expl.:           Measurement uncertainty includes quantifiable uncertainty
Zero/negative values code:               Zero/negative possible 
Zero/negative values:                    Zero/negative values reported as measured if within detection limit, flagged with 780 
QA1 measure ID:                          ECAC-OCEC-2018-1
QA1 date:                                20180401
QA1 document URL:                        "http://www.actris-ecac.eu/files/ECAC-report-OCEC-2018-1.pdf"                        
Originator:                              Martin, Damien, damien.martin@nuigalway.ie, "National University of Ireland, Galway", NUIG, School of Physics, University Road, , , Galway, Ireland 
Submitter:                               Spohn, Teresa, t.spohn2@nuigalway.ie, "National University of Ireland, Galway", NUIG, School of Physics, University Road, , , Galway, Ireland
Acknowledgement:                         Request acknowledgement details from data originator 
Comment:                                  
start_time     end_time	        TC	TC_flag	EC	EC_flag	OC	OC_flag
0.291667	1.291667	1.811	0.000	0.213	0.000	1.597	0.000
1.291667	2.291667	0.659	0.000	0.091	0.000	0.568	0.000
2.291667	3.291667	5.357	0.000	0.605	0.000	4.752	0.000
3.291667	4.291667	2.439	0.000	0.324	0.000	2.115	0.000
4.291667	5.291667	1.458	0.000	0.268	0.000	1.190	0.000
5.291667	6.291667	1.426	0.000	0.236	0.000	1.190	0.000
6.291667	7.291667	0.949	0.000	0.133	0.000	0.816	0.000
7.291667	8.291667	0.597	0.000	0.101	0.000	0.496	0.000
8.291667	9.291667	2.215	0.000	0.321	0.000	1.894	0.000
9.291667	10.291667	0.484	0.000	0.018	0.147	0.466	0.000
10.291667	11.291667	0.478	0.000	0.017	0.147	0.461	0.000
11.291667	12.291667	0.860	0.000	0.003	0.147	0.857	0.000
12.291667	13.291667	0.606	0.000	0.076	0.000	0.530	0.000
13.291667	14.291667	0.306	0.000	0.008	0.147	0.297	0.000
14.291667	15.291667	0.207	0.000	0.000	0.147	0.208	0.000
15.291667	16.291667	1.375	0.000	0.205	0.000	1.169	0.000
16.291667	17.291667	0.182	0.000	-0.001	0.147	0.183	0.000
17.291667	18.291667	2.618	0.000	0.400	0.000	2.218	0.000
18.291667	19.291667	3.952	0.000	0.527	0.000	3.425	0.000
19.291667	20.291667	0.253	0.000	0.002	0.147	0.251	0.000
20.291667	21.291667	1.745	0.000	0.305	0.000	1.440	0.000
21.291667	22.291667	0.675	0.000	0.097	0.000	0.578	0.000
22.291667	23.291667	1.460	0.000	0.174	0.000	1.286	0.000
23.291667	24.291667	0.863	0.000	0.066	0.000	0.797	0.000
24.291667	25.291667	0.765	0.000	0.181	0.000	0.584	0.000
25.291667	26.291667	1.879	0.000	0.247	0.000	1.631	0.000
26.291667	27.291667	1.408	0.000	0.185	0.000	1.223	0.000
27.291667	28.291667	1.272	0.000	0.195	0.000	1.077	0.000
28.291667	29.291667	1.289	0.000	0.086	0.000	1.203	0.000
29.291667	30.291667	2.877	0.000	0.285	0.000	2.592	0.000
30.291667	31.291667	3.919	0.000	0.543	0.000	3.376	0.000
31.291667	32.291667	2.273	0.000	0.358	0.000	1.915	0.000
32.291667	33.291667	0.613	0.000	0.069	0.000	0.545	0.000
33.291667	34.291667	2.940	0.000	0.399	0.000	2.541	0.000
34.291667	35.291667	4.906	0.000	0.765	0.000	4.141	0.000
35.291667	36.291667	5.063	0.000	0.426	0.000	4.637	0.000
36.291667	37.291667	5.559	0.000	0.395	0.000	5.164	0.000
37.291667	38.291667	5.542	0.000	0.615	0.000	4.927	0.000
38.291667	39.291667	4.440	0.000	0.616	0.000	3.824	0.000
39.291667	40.291667	5.184	0.000	0.663	0.000	4.521	0.000
40.291667	41.291667	0.923	0.000	0.074	0.000	0.849	0.000
41.291667	42.291667	0.492	0.000	0.024	0.147	0.468	0.000
42.291667	43.291667	0.518	0.000	0.072	0.000	0.446	0.000
43.291667	44.291667	0.547	0.000	0.070	0.000	0.477	0.000
44.291667	45.291667	2.382	0.000	0.366	0.000	2.016	0.000
45.291667	46.291667	4.672	0.000	0.391	0.000	4.281	0.000
46.291667	47.291667	2.062	0.000	0.309	0.000	1.752	0.000
47.291667	48.291667	4.728	0.000	0.359	0.000	4.369	0.000
