ebas_test_data/IE0007R.20180129000000.20190625160000.high_vol_sampler.levo.pm25.34d.1d.IE04L_CRP_hvs_0001.IE04L_CRP_sunset_001.lev2.nas
98 1001
Martin, Damien
IE04L, "National University of Ireland, Galway", NUIG, School of Physics, University Road, , , Galway, Ireland
Spohn, Teresa
EMEP COLOSSAL CAMPAIGN
1 1
2018 01 29 2019 06 25
1
days from file reference point
7
1 1 1 1 1 1 1
99.999999 9999.999 9.999999 9999.999 9.999999 9999.999 9.999999
end_time of measurement, days from the file reference point
levoglucosan, ng/m3, Detection limit=0.355 ng/m3
numflag levoglucosan, no unit
mannosan, ng/m3, Detection limit=0.355 ng/m3
numflag mannosan, no unit
galactosan, ng/m3, Detection limit=0.355 ng/m3
numflag galactosan, no unit
0
77
Data definition:                         EBAS_1.1 
Set type code:                           TU 
Timezone:                                UTC 
File name:                               IE0007R.20180129000000.20190625160000.high_vol_sampler.levo.pm25.34d.1d.IE04L_CRP_hvs_0001.IE04L_CRP_sunset_001.lev2.nas
Startdate:                               20180129070000 
Revision date:                           20190625160000 
Version:                                 1 
Version description:                     initial revision, manually inspected 
Data level:                              2 
Period code:                             34d 
Resolution code:                         1d 
Sample duration:                         1d 
Orig. time res.:                         1d 
Station code:                            IE0007R 
Platform code:                           IE0007S 
Station name:                            Carnsore Point 
Station WDCA-ID:                          
Station GAW-Name:                        Carnsore Point 
Station GAW-ID:                          CRP 
Station AIRS-ID:                          
Station other IDs:                        
Station state/province:                  Wexford 
Station land use:                        Grassland
Station setting:                         Coastal 
Station GAW type:                        G 
Station WMO region:                      6 
Station latitude:                        52.176 
Station longitude:                       -6.3356 
Station altitude:                        9 m 
Measurement latitude:                    52.176 
Measurement longitude:                   -6.33567 
Measurement altitude:                    21m 
Measurement height:                      12m 
Component:                               levoglucosan 
Unit:                                    ng/m3 
Matrix:                                  pm25 
Laboratory code:                         IE04L 
Instrument type:                         high_vol_sampler 
Instrument manufacturer:                 DIGITEL
Instrument model:                        DHA-80 
Instrument name:                         CRP_hvs_0001 
Instrument serial number:                 
Analytical laboratory code:              IE04L 
Analytical measurement technique:        thermal-optical_analysis 
Analytical instrument manufacturer:      Sunset Laboratory 
Analytical instrument model:             Carbon Aerosol Analyzer 
Analytical instrument name:              CRP_sunset_001 
Analytical instrument serial number:      
Charring correction:                     By laser transmission 
Standard method:                         TEMP=EUSAAR_2 
Inlet type:                              Hat or hood 
Inlet description:                       Upward facing with rain shield 
Flow rate:                               500 l/min 
Filter face velocity:                     
Exposed filter area:                     153.938 cm2 
Humidity/temperature control:            None 
Humidity/temperature control description:filter kept at ambient conditions together with sampling head 
Medium:                                  Quartz 
Filter description:                      Pallflex, Tissuquartz 2500QAT-UP, pure quartz, no binder
Filter prefiring:                        1123.15K, 3h 
Filter conditioning:                     293.15K, 50%RH, 48h 
Sample preparation:                      None 
Blank correction:                        Blank corrected
Artifact correction:                     None 
Artifact correction description:          
Detection limit expl.:                   Determined by taking 3 times standard deviation of ensemble of field blanks 
Measurement uncertainty expl.:           Measurement uncertainty includes quantifiable uncertainty
Zero/negative values code:               Zero/negative possible 
Zero/negative values:                    Zero/negative values reported as measured if within detection limit, flagged with 780 
QA1 measure ID:                          
QA1 date:                                
QA1 document URL:                                               
Originator:                              Martin, Damien, damien.martin@nuigalway.ie, "National University of Ireland, Galway", NUIG, School of Physics, University Road, , , Galway, Ireland 
Submitter:                               Spohn, Teresa, t.spohn2@nuigalway.ie, "National University of Ireland, Galway", NUIG, School of Physics, University Road, , , Galway, Ireland
Acknowledgement:                         Request acknowledgement details from data originator 
Comment:                                  
start_time end_time levo levo_flag manno manno_flag galacto galacto_flag
 0.291667  1.291667   97.258 0.000000   23.719 0.000000    6.552 0.000000
 1.291667  2.291667   61.499 0.000000   12.593 0.000000    1.936 0.000000
 2.291667  3.291667    8.126 0.000000    1.872 0.000000 9999.999 0.999000
 3.291667  4.291667   20.868 0.000000    4.318 0.000000 9999.999 0.999000
 4.291667  5.291667   16.933 0.000000    3.191 0.000000 9999.999 0.999000
 5.291667  6.291667   39.035 0.000000    6.531 0.000000    2.021 0.000000
 6.291667  7.291667   19.996 0.000000    3.404 0.000000    0.745 0.000000
 7.291667  8.291667  149.249 0.000000   34.142 0.000000    8.254 0.000000
 8.291667  9.291667   63.733 0.000000   13.061 0.000000 9999.999 0.999000
 9.291667 10.291667   21.273 0.000000    3.701 0.000000 9999.999 0.999000
10.291667 11.291667    5.722 0.000000    1.298 0.000000 9999.999 0.999000
11.291667 12.291667    7.722 0.000000    1.851 0.000000 9999.999 0.999000
12.291667 13.291667    2.659 0.000000    0.638 0.000000 9999.999 0.999000
13.291667 14.291667   19.805 0.000000    5.233 0.000000    1.021 0.000000
14.291667 15.291667    5.871 0.000000    1.468 0.000000 9999.999 0.999000
15.291667 16.291667    4.957 0.000000    0.787 0.000000 9999.999 0.999000
16.291667 17.291667 9999.999 0.999000 9999.999 0.999000 9999.999 0.999000
17.291667 18.291667    5.871 0.000000    1.893 0.000000 9999.999 0.999000
18.291667 19.291667    2.553 0.000000 9999.999 0.999000 9999.999 0.999000
19.291667 20.291667    9.977 0.000000    2.276 0.000000 9999.999 0.999000
20.291667 21.291667   13.019 0.000000    2.978 0.000000 9999.999 0.999000
21.291667 22.291667   46.204 0.000000   10.658 0.000000 9999.999 0.999000
22.291667 23.291667  110.894 0.000000   24.804 0.000000    6.552 0.000000
23.291667 24.291667   46.481 0.000000    8.169 0.000000    2.340 0.000000
24.291667 25.291667   31.909 0.000000    5.042 0.000000    0.830 0.000000
25.291667 26.291667   78.347 0.000000   11.700 0.000000    4.893 0.000000
26.291667 27.291667  102.300 0.000000   18.656 0.000000    2.808 0.000000
27.291667 28.291667   96.025 0.000000   14.848 0.000000    4.935 0.000000
28.291667 29.291667   60.393 0.000000   11.147 0.000000    3.935 0.000000
29.291667 30.291667   22.740 0.000000    4.127 0.000000 9999.999 0.999000
30.291667 31.291667   16.103 0.000000 9999.999 0.999000 9999.999 0.999000
31.291667 32.291667   55.926 0.000000    9.700 0.000000    1.936 0.000000
32.291667 33.291667   27.463 0.000000    4.318 0.000000 9999.999 0.999000
33.291667 34.291667   73.646 0.000000   18.699 0.000000    6.531 0.000000
