ebas_test_data/IE0010U.20171221000000.20190625160000.high_vol_sampler.levo.pm25.89d.1d.IE04L_UCD_hvs_0001.IE04L_UCD_sunset_001.lev2.nas
98 1001
Martin, Damien
IE04L, "National University of Ireland, Galway", NUIG, School of Physics, University Road, , , Galway, Ireland
Spohn, Teresa
EMEP COLOSSAL CAMPAIGN
1 1
2017 12 21 2019 06 25
1
days from file reference point
7
1 1 1 1 1 1 1
99.999999 9999.999 9.999999 9999.999 9.999999 9999.999 9.999999
end_time of measurement, days from the file reference point
levoglucosan, ng/m3, Detection limit=0.745 ng/m3
numflag levoglucosan, no unit
mannosan, ng/m3, Detection limit=0.745 ng/m3
numflag mannosan, no unit
galactosan, ng/m3, Detection limit=0.745 ng/m3
numflag galactosan, no unit
0
77
Data definition:                         EBAS_1.1 
Set type code:                           TU 
Timezone:                                UTC 
File name:                               IE0010U.20171221000000.20190625160000.high_vol_sampler.levo.pm25.89d.1d.IE04L_UCD_hvs_0001.IE04L_UCD_sunset_001.lev2.nas
Startdate:                               20171221070000 
Revision date:                           20190625160000 
Version:                                 1 
Version description:                     initial revision, manually inspected 
Data level:                              2 
Period code:                             89d 
Resolution code:                         1d 
Sample duration:                         1d 
Orig. time res.:                         1d 
Station code:                            IE0010U 
Platform code:                           IE0010S 
Station name:                            University College Dublin 
Station WDCA-ID:                          
Station GAW-Name:                        
Station GAW-ID:                           
Station AIRS-ID:                          
Station other IDs:                        
Station state/province:                  Dublin 
Station land use:                        Residential
Station setting:                         Suburban 
Station GAW type:                        G 
Station WMO region:                      6 
Station latitude:                        53.309
Station longitude:                       -6.223
Station altitude:                        9 m 
Measurement latitude:                    53.309 
Measurement longitude:                   -6.223 
Measurement altitude:                    30 m 
Measurement height:                      15 m 
Component:                               levoglucosan 
Unit:                                    ng/m3 
Matrix:                                  pm25 
Laboratory code:                         IE04L 
Instrument type:                         high_vol_sampler 
Instrument manufacturer:                 Thermo
Instrument model:                        MFC-PM10
Instrument name:                         UCD_hvs_0001 
Instrument serial number:                 
Analytical laboratory code:              IE04L 
Analytical measurement technique:        thermal-optical_analysis 
Analytical instrument manufacturer:      Sunset Laboratory 
Analytical instrument model:             Carbon Aerosol Analyzer 
Analytical instrument name:              UCD_sunset_001 
Analytical instrument serial number:      
Charring correction:                     By laser transmission 
Standard method:                         TEMP=EUSAAR_2 
Inlet type:                              Isokinetic
Inlet description:                       2.54cm laminar community inlet, flow 8 l/m, velocity 0.38m/s 
Flow rate:                               16.7 l/min 
Filter face velocity:                     
Exposed filter area:                     10.75 cm2 
Humidity/temperature control:            None 
Humidity/temperature control description:filter kept at ambient conditions together with sampling head 
Medium:                                  Quartz 
Filter description:                      Partisol 47mm Quartz Filters
Filter prefiring:                        1123.15K, 3h 
Filter conditioning:                     293.15K, 50%RH, 48h 
Sample preparation:                      None 
Blank correction:                        Blank corrected
Artifact correction:                     None 
Artifact correction description:          
Detection limit expl.:                   Determined by taking 3 times standard deviation of ensemble of field blanks 
Measurement uncertainty expl.:           Measurement uncertainty includes quantifiable uncertainty
Zero/negative values code:               Zero/negative possible 
Zero/negative values:                    Zero/negative values reported as measured if within detection limit, flagged with 780 
QA1 measure ID:                          
QA1 date:                                
QA1 document URL:                                               
Originator:                              Martin, Damien, damien.martin@nuigalway.ie, "National University of Ireland, Galway", NUIG, School of Physics, University Road, , , Galway, Ireland 
Submitter:                               Spohn, Teresa, t.spohn2@nuigalway.ie, "National University of Ireland, Galway", NUIG, School of Physics, University Road, , , Galway, Ireland
Acknowledgement:                         Request acknowledgement details from data originator 
Comment:                                  
start_time end_time levo levo_flag manno manno_flag galacto galacto_flag
 0.291667  1.291667   92.800 0.000000   18.369 0.000000    5.649 0.000000
 1.291667  2.291667 9999.999 0.999000 9999.999 0.999000 9999.999 0.999000
 2.291667  3.291667   45.722 0.000000    7.983 0.000000    1.868 0.000000
 3.291667  4.291667 9999.999 0.999000 9999.999 0.999000 9999.999 0.999000
 4.291667  5.291667   63.290 0.000000   10.496 0.000000    2.446 0.000000
 5.291667  6.291667 9999.999 0.999000 9999.999 0.999000 9999.999 0.999000
 6.291667  7.291667  120.131 0.000000   20.014 0.000000    4.492 0.000000
 7.291667  8.291667 9999.999 0.999000 9999.999 0.999000 9999.999 0.999000
 8.291667  9.291667  219.624 0.000000   38.383 0.000000    8.339 0.000000
 9.291667 10.291667 9999.999 0.999000 9999.999 0.999000 9999.999 0.999000
10.291667 11.291667   51.882 0.000000    6.338 0.000000    2.468 0.000000
11.291667 12.291667   43.809 0.000000    6.471 0.000000    2.380 0.000000
12.291667 13.291667 9999.999 0.999000 9999.999 0.999000 9999.999 0.999000
13.291667 14.291667 9999.999 0.999000 9999.999 0.999000 9999.999 0.999000
14.291667 15.291667   61.844 0.000000   10.519 0.000000    2.713 0.000000
15.291667 16.291667 9999.999 0.999000 9999.999 0.999000 9999.999 0.999000
16.291667 17.291667  448.299 0.000000   77.500 0.000000   12.520 0.000000
17.291667 18.291667 9999.999 0.999000 9999.999 0.999000 9999.999 0.999000
18.291667 19.291667   71.385 0.000000   11.297 0.000000    3.469 0.000000
19.291667 20.291667 9999.999 0.999000 9999.999 0.999000 9999.999 0.999000
20.291667 21.291667  205.547 0.000000   34.892 0.000000    6.316 0.000000
21.291667 22.291667 9999.999 0.999000 9999.999 0.999000 9999.999 0.999000
22.291667 23.291667  187.001 0.000000   30.867 0.000000    7.361 0.000000
23.291667 24.291667 9999.999 0.999000 9999.999 0.999000 9999.999 0.999000
24.291667 25.291667   66.559 0.000000   11.186 0.000000    3.758 0.000000
25.291667 26.291667 9999.999 0.999000 9999.999 0.999000 9999.999 0.999000
26.291667 27.291667   42.920 0.000000    6.182 0.000000    2.068 0.000000
27.291667 28.291667 9999.999 0.999000 9999.999 0.999000 9999.999 0.999000
28.291667 29.291667   46.700 0.000000    8.072 0.000000 9999.999 0.999000
29.291667 30.291667 9999.999 0.999000 9999.999 0.999000 9999.999 0.999000
30.291667 31.291667 9999.999 0.999000 9999.999 0.999000 9999.999 0.999000
31.291667 32.291667 9999.999 0.999000 9999.999 0.999000 9999.999 0.999000
32.291667 33.291667 9999.999 0.999000 9999.999 0.999000 9999.999 0.999000
33.291667 34.291667 9999.999 0.999000 9999.999 0.999000 9999.999 0.999000
34.291667 35.291667 9999.999 0.999000 9999.999 0.999000 9999.999 0.999000
35.291667 36.291667 9999.999 0.999000 9999.999 0.999000 9999.999 0.999000
36.291667 37.291667 9999.999 0.999000 9999.999 0.999000 9999.999 0.999000
37.291667 38.291667 9999.999 0.999000 9999.999 0.999000 9999.999 0.999000
38.291667 39.291667 9999.999 0.999000 9999.999 0.999000 9999.999 0.999000
39.291667 40.291667 9999.999 0.999000 9999.999 0.999000 9999.999 0.999000
40.291667 41.291667 9999.999 0.999000 9999.999 0.999000 9999.999 0.999000
41.291667 42.291667   48.657 0.000000    7.428 0.000000 9999.999 0.999000
42.291667 43.291667  101.940 0.000000   19.748 0.000000 9999.999 0.999000
43.291667 44.291667   73.786 0.000000   12.275 0.000000 9999.999 0.999000
44.291667 45.291667 1089.982 0.000000  195.740 0.000000   34.869 0.000000
45.291667 46.291667  287.895 0.000000   49.591 0.000000    7.783 0.000000
46.291667 47.291667  101.806 0.000000   15.922 0.000000 9999.999 0.999000
47.291667 48.291667   33.046 0.000000    4.892 0.000000 9999.999 0.999000
48.291667 49.291667 9999.999 0.999000 9999.999 0.999000 9999.999 0.999000
49.291667 50.291667 9999.999 0.999000 9999.999 0.999000 9999.999 0.999000
50.291667 51.291667 9999.999 0.999000 9999.999 0.999000 9999.999 0.999000
51.291667 52.291667 9999.999 0.999000 9999.999 0.999000 9999.999 0.999000
52.291667 53.291667 9999.999 0.999000 9999.999 0.999000 9999.999 0.999000
53.291667 54.291667 9999.999 0.999000 9999.999 0.999000 9999.999 0.999000
54.291667 55.291667   35.047 0.000000    5.871 0.000000 9999.999 0.999000
55.291667 56.291667   33.491 0.000000    5.782 0.000000 9999.999 0.999000
56.291667 57.291667   34.336 0.000000    7.739 0.000000 9999.999 0.999000
57.291667 58.291667  429.241 0.000000   71.474 0.000000   16.945 0.000000
58.291667 59.291667   97.848 0.000000   18.280 0.000000    5.070 0.000000
59.291667 60.291667   60.443 0.000000    9.296 0.000000 9999.999 0.999000
60.291667 61.291667  219.224 0.000000   39.273 0.000000   10.096 0.000000
61.291667 62.291667  110.301 0.000000   19.570 0.000000 9999.999 0.999000
62.291667 63.291667   84.950 0.000000   14.188 0.000000 9999.999 0.999000
63.291667 64.291667   81.570 0.000000   13.032 0.000000 9999.999 0.999000
64.291667 65.291667  203.791 0.000000   32.957 0.000000    9.874 0.000000
65.291667 66.291667  179.729 0.000000   27.620 0.000000    7.294 0.000000
66.291667 67.291667   41.007 0.000000    7.650 0.000000 9999.999 0.999000
67.291667 68.291667   18.413 0.000000    4.092 0.000000 9999.999 0.999000
68.291667 69.291667 9999.999 0.999000 9999.999 0.999000 9999.999 0.999000
69.291667 70.291667 9999.999 0.999000 9999.999 0.999000 9999.999 0.999000
70.291667 71.291667 9999.999 0.999000 9999.999 0.999000 9999.999 0.999000
71.291667 72.291667 9999.999 0.999000 9999.999 0.999000 9999.999 0.999000
72.291667 73.291667 9999.999 0.999000 9999.999 0.999000 9999.999 0.999000
73.291667 74.291667 9999.999 0.999000 9999.999 0.999000 9999.999 0.999000
74.291667 75.291667 9999.999 0.999000 9999.999 0.999000 9999.999 0.999000
75.291667 76.291667   78.323 0.000000   10.363 0.000000 9999.999 0.999000
76.291667 77.291667  148.106 0.000000   20.370 0.000000 9999.999 0.999000
77.291667 78.291667   39.717 0.000000    6.316 0.000000 9999.999 0.999000
78.291667 79.291667   45.588 0.000000    9.651 0.000000 9999.999 0.999000
79.291667 80.291667   45.144 0.000000    7.828 0.000000 9999.999 0.999000
80.291667 81.291667   72.096 0.000000   11.964 0.000000 9999.999 0.999000
81.291667 82.291667   18.013 0.000000    2.669 0.000000 9999.999 0.999000
82.291667 83.291667   37.182 0.000000    4.759 0.000000 9999.999 0.999000
83.291667 84.291667   35.803 0.000000    5.559 0.000000 9999.999 0.999000
84.291667 85.291667   40.829 0.000000    6.938 0.000000 9999.999 0.999000
85.291667 86.291667   14.944 0.000000 9999.999 0.999000 9999.999 0.999000
86.291667 87.291667   24.195 0.000000    3.958 0.000000 9999.999 0.999000
87.291667 88.291667   25.218 0.000000    4.492 0.000000 9999.999 0.999000
88.291667 89.291667  225.095 0.000000   39.362 0.000000    8.717 0.000000
