ebas_test_data/IT0004R.20171201080000.20180726120000.oc_ec_tc.pm25.1y.1d.1d.IT04L_Denuder+Single-filter+EUSAAR_2.nas
120 1001
Cavalli, Fabrizia
IT04L, Joint Research Centre, EC-JRC, , via Fermi 2749, , I-21027, Ispra, Italy
Putaud, JP
ACTRIS EMEP GAW-WDCA COLOSSAL CAMPAIGN
1 1
2017 12 01   2018 07 26
0
Days from the file reference point
31
1 1 1 1 1 1 1 1 1 1 1 1 1 1 1 1 1 1 1 1 1 1 1 1 1 1 1 1 1 1 1
9999.999999 99.99 9.999 99.99 9.999 99.99 9.999 99.99 9.999 99.99 9.999 99.99 9.999 99.99 9.999 99.99 9.999 99.99 9.999 99.99 9.999 99.99 9.999 99.99 9.999 99.99 9.999 99.99 9.999 99.99 9.999
end_time, days from the file reference point 
total_carbon, ug C/m3, QA6 bias=-1%, QA6 variability=2%, Detection limit=0.91 ug C/m3
numflag total_carbon, no unit
total_carbon, ug C/m3, Statistics=uncertainty
numflag total_carbon, no unit, Statistics=uncertainty
elemental_carbon, ug C/m3, QA6 bias=+0%, QA6 variability=63%, Detection limit=0.06 ug C/m3
numflag elemental_carbon, no unit
elemental_carbon, ug C/m3, Statistics=uncertainty
numflag elemental_carbon, no unit, Statistics=uncertainty
organic_carbon, ug C/m3, QA6 bias=-1%, QA6 variability=3%, Detection limit=0.85 ug C/m3
numflag organic_carbon, no unit
organic_carbon, ug C/m3, Statistics=uncertainty
numflag organic_carbon, no unit, Statistics=uncertainty
organic_carbon, ug C/m3, Artifact=positive
numflag organic_carbon, no unit, Artifact=positive
organic_carbon, ug C/m3, Artifact=positive, Statistics=uncertainty
numflag organic_carbon, no unit, Artifact=positive, Statistics=uncertainty
organic_carbon, ug C/m3, Artifact=negative
numflag organic_carbon, no unit, Artifact=negative
organic_carbon, ug C/m3, Artifact=negative, Statistics=uncertainty
numflag organic_carbon, no unit, Artifact=negative, Statistics=uncertainty
organic_carbon, ug C/m3, Fraction=OC1, Statistics=maximum
numflag organic_carbon, no unit, Fraction=OC1, Statistics=maximum
organic_carbon, ug C/m3, Fraction=OC2, Statistics=maximum
numflag organic_carbon, no unit, Fraction=OC2, Statistics=maximum
organic_carbon, ug C/m3, Fraction=OC3, Statistics=maximum
numflag organic_carbon, no unit, Fraction=OC3, Statistics=maximum
organic_carbon, ug C/m3, Fraction=OC4, Statistics=maximum
numflag organic_carbon, no unit, Fraction=OC4, Statistics=maximum
organic_carbon, ug C/m3, Fraction=OCPyr
numflag organic_carbon, no unit, Fraction=OCPyr
0																															
75																															
Data definition:	EBAS_1.1
Set type code:	TI
Timezone:	UTC
File name:	IT0004R.20171201080000.20180726120000.oc_ec_tc.pm25.1y.1d.1d.IT04L_Denuder+Single-filter+EUSAAR_2.nas
Startdate:	20171201080000
Revision date:	20180726120000
Version:	1
Version description:	initial revision manually inspected
Data level:	2
Period code:	1y
Resolution code:	3d
Sample duration:	1d
Orig. time res.:	1d
Station code:	IT0004R
Platform code:	IT0004S
Station name:	Ispra
Station WDCA-ID:	GAWAIT__IPR           	
Station GAW-ID:	IPR
Station AIRS-ID:
Station other IDs:	IT0004R (EMEP)
Station state/province:	VA
Station land use:	Other
Station setting:	Rural
Station GAW type:	R
Station WMO region:	6
Station latitude:	45.803
Station longitude:	8.626
Station altitude:	209m
Measurement height:	4m
Component:	oc_ec_tc
Unit:	ug C/m3
Matrix:	pm25
Laboratory code:	IT04L
Instrument type:	low_vol_sampler
Instrument manufacturer:	Rupprecht&Patashnick
Instrument model:	Partisol2025
Instrument name:	JRC_PM25_01
Instrument serial number:	B215620603
Analytical laboratory code:	IT04L
Analytical measurement technique: 	thermal-optical_analysis
Analytical instrument manufacturer: 	Sunset Laboratory
Analytical instrument model:	Carbon Aerosol Analyzer
Analytical instrument name:	JRC_sunset_001
Charring correction:	By laser transmission
Analytical instrument serial number:	173-5
Method ref:	IT04L_Denuder+Single-filter+EUSAAR_2
Standard method: "SOP=EN16909:2017, TEMP=EUSAAR_2"
Inlet type:	Cyclone
Inlet description:	PM2.5 Partisol sampling head followed by denuder
Flow rate:	16.7 l/min
Filter face velocity:	20 cm/s
Exposed filter area:	13.85 cm2
Humidity/temperature control:	None
Humidity/temperature control description:	Loaded filter kept at ambient temperature +/- 5K
Medium:	Quartz
Filter description:	Pallflex_Tissuquartz_2500QAT-UP
Filter prefiring:	Not prefired
Filter conditioning:	293 K, 20 % RH, 24 h
Sample preparation:	None
Blank correction:	Blank corrected
Artifact correction:	Positive only
Artifact correction description: 	16 cm carbon monolith denuder
Detection limit expl.:	Determined by taking 3 times standard deviation of ensemble of field blanks + instrument uncertainty
Zero/negative values code:	Zero/negative possible
Zero/negative values:	Zero/negative values reported as measured and flagged as below detection limit
QA6 measure ID:                          	ECAC-OCEC-2017-2
QA6 date:	20170901
QA6 outcome:	pass
QA6 document URL:     	"http://www.actris-ecac.eu/files/OCEC-2017-2-REPORT.pdf"
Acknowledgement:	Request acknowledgement details from data originator
Originator:	Cavalli, Fabrizia, fabrizia.cavalli@ec.europa.eu, Joint Research Centre, EC-JRC, , via Fermi 2749, , I-21027, Ispra, Italy	
Originator:																															
Submitter:	Putaud, JP, jean.putaud@ec.europa.eu, Joint Research Centre, EC-JRC, , via Fermi 2749, , I-21027, Ispra, Italy
Comment:                      	Analytical intrument model OCEC Lab Instrument Model 4L. Flagging not performed yet.
start_time	end_time	TC	TC_flag	TC_uncert	TC_uncert_flag	EC	EC_flag	EC_uncert	EC_uncert_flag	OC	OC_flag	OC_uncert	OC_uncert_flag	OC_pos	OC_pos_flag	OC_uncert_pos	OC_uncert_pos_flag	OC_neg	OC_neg_flag	OC_uncert_neg	OC_uncert_neg_flag	OC_peak1	OC_peak1_flag	OC_peak2	OC_peak2_flag	OC_peak3	OC_peak3_flag	OC_peak4	OC_peak4_flag	OC_Pyr	OC_Pyr_flag
0.333333	1.333333	3.91	0.000	0.50	0.000	0.81	0.000	0.11	0.000	3.11	0.000	0.42	0.000	0.15	0.798	0.08	0.798	0.17	0.798	0.02	0.798	-0.04	0.780	0.99	0.000	0.75	0.000	0.81	0.000	0.06	0.781
3.333333	4.333333	42.92	0.000	3.30	0.000	5.18	0.000	0.43	0.000	37.74	0.000	2.88	0.000	1.78	0.798	0.93	0.798	2.01	0.798	0.29	0.798	3.91	0.000	18.44	0.000	5.32	0.000	3.89	0.000	0.06	0.781
6.333333	7.333333	10.84	0.000	0.95	0.000	2.27	0.000	0.21	0.000	8.57	0.000	0.76	0.000	0.40	0.798	0.21	0.798	0.46	0.798	0.07	0.798	0.23	0.000	2.86	0.000	1.87	0.000	2.73	0.000	0.06	0.781
9.333333	10.333333	4.79	0.000	0.55	0.000	0.58	0.000	0.09	0.000	4.21	0.000	0.48	0.000	0.20	0.798	0.10	0.798	0.22	0.798	0.03	0.798	0.10	0.000	1.59	0.000	1.02	0.000	0.86	0.000	0.06	0.781
11.333333	12.333333	4.96	0.000	0.56	0.000	1.13	0.000	0.13	0.000	3.83	0.000	0.46	0.000	0.18	0.798	0.09	0.798	0.20	0.798	0.03	0.798	0.02	0.780	1.36	0.000	0.85	0.000	1.00	0.000	0.06	0.781
14.333333	15.333333	4.67	0.000	0.55	0.000	1.15	0.000	0.13	0.000	3.52	0.000	0.44	0.000	0.17	0.798	0.09	0.798	0.19	0.798	0.03	0.798	-0.03	0.780	1.23	0.000	0.84	0.000	0.96	0.000	0.06	0.781
18.333333	19.333333	13.37	0.000	1.13	0.000	2.68	0.000	0.24	0.000	10.69	0.000	0.90	0.000	0.50	0.798	0.26	0.798	0.57	0.798	0.08	0.798	0.65	0.000	3.56	0.000	2.06	0.000	2.96	0.000	0.06	0.781
21.333333	22.333333	21.20	0.000	1.70	0.000	3.78	0.000	0.32	0.000	17.42	0.000	1.39	0.000	0.82	0.798	0.43	0.798	0.93	0.798	0.13	0.798	0.70	0.000	5.54	0.000	3.59	0.000	5.05	0.000	0.06	0.781
24.333333	25.333333	9.77	0.000	0.88	0.000	1.38	0.000	0.15	0.000	8.39	0.000	0.74	0.000	0.39	0.798	0.21	0.798	0.45	0.798	0.06	0.798	0.24	0.000	2.55	0.000	1.77	0.000	2.28	0.000	0.06	0.781
28.333333	29.333333	2.59	0.000	0.44	0.000	0.60	0.000	0.09	0.000	1.99	0.000	0.38	0.000	0.09	0.798	0.05	0.798	0.11	0.798	0.02	0.798	-0.05	0.780	0.70	0.000	0.52	0.000	0.54	0.000	0.06	0.781
30.333333	31.333333	13.78	0.000	1.16	0.000	1.77	0.000	0.18	0.000	12.01	0.000	1.00	0.000	0.57	0.798	0.30	0.798	0.64	0.798	0.09	0.798	0.55	0.000	3.52	0.000	2.46	0.000	3.33	0.000	0.06	0.781
33.333333	34.333333	5.13	0.000	0.58	0.000	1.19	0.000	0.14	0.000	3.94	0.000	0.47	0.000	0.19	0.798	0.10	0.798	0.21	0.798	0.03	0.798	0.08	0.000	1.34	0.000	0.91	0.000	1.27	0.000	0.06	0.781
35.333333	36.333333	8.84	0.000	0.82	0.000	1.48	0.000	0.15	0.000	7.37	0.000	0.67	0.000	0.35	0.798	0.18	0.798	0.39	0.798	0.06	0.798	0.25	0.000	2.02	0.000	1.60	0.000	2.29	0.000	0.06	0.781
39.333333	40.333333	2.63	0.000	0.44	0.000	0.58	0.000	0.09	0.000	2.04	0.000	0.38	0.000	0.10	0.798	0.05	0.798	0.11	0.798	0.02	0.798	-0.07	0.780	0.60	0.000	0.64	0.000	0.81	0.000	0.06	0.781
42.333333	43.333333	9.59	0.000	0.87	0.000	1.81	0.000	0.18	0.000	7.79	0.000	0.70	0.000	0.37	0.798	0.19	0.798	0.41	0.798	0.06	0.798	0.24	0.000	2.34	0.000	1.70	0.000	2.59	0.000	0.06	0.781
45.333333	46.333333	17.38	0.000	1.43	0.000	2.69	0.000	0.24	0.000	14.70	0.000	1.19	0.000	0.69	0.798	0.36	0.798	0.78	0.798	0.11	0.798	0.67	0.000	4.41	0.000	3.00	0.000	4.53	0.000	0.06	0.781
48.333333	49.333333	10.58	0.000	0.94	0.000	1.82	0.000	0.18	0.000	8.76	0.000	0.77	0.000	0.41	0.798	0.22	0.798	0.47	0.798	0.07	0.798	0.58	0.000	3.18	0.000	1.83	0.000	2.40	0.000	0.06	0.781
52.333333	53.333333	12.48	0.000	1.07	0.000	1.92	0.000	0.19	0.000	10.56	0.000	0.89	0.000	0.50	0.798	0.26	0.798	0.56	0.798	0.08	0.798	0.53	0.000	3.30	0.000	2.35	0.000	3.32	0.000	0.06	0.781
54.333333	55.333333	16.49	0.000	1.36	0.000	2.34	0.000	0.22	0.000	14.15	0.000	1.15	0.000	0.67	0.798	0.35	0.798	0.75	0.798	0.11	0.798	0.62	0.000	3.59	0.000	3.06	0.000	4.45	0.000	0.06	0.781
56.333333	57.333333	8.34	0.000	0.78	0.000	1.40	0.000	0.15	0.000	6.94	0.000	0.65	0.000	0.33	0.798	0.17	0.798	0.37	0.798	0.05	0.798	0.25	0.000	2.06	0.000	1.59	0.000	2.17	0.000	0.06	0.781
60.333333	61.333333	12.48	0.000	1.07	0.000	1.89	0.000	0.18	0.000	10.59	0.000	0.90	0.000	0.50	0.798	0.26	0.798	0.56	0.798	0.08	0.798	0.42	0.000	2.93	0.000	1.91	0.000	3.45	0.000	0.06	0.781
63.333333	64.333333	10.30	0.000	0.92	0.000	2.17	0.000	0.21	0.000	8.13	0.000	0.73	0.000	0.38	0.798	0.20	0.798	0.43	0.798	0.06	0.798	0.38	0.000	2.77	0.000	1.91	0.000	2.67	0.000	0.06	0.781
66.333333	67.333333	7.35	0.000	0.72	0.000	1.02	0.000	0.12	0.000	6.34	0.000	0.61	0.000	0.30	0.798	0.16	0.798	0.34	0.798	0.05	0.798	0.16	0.000	1.84	0.000	1.42	0.000	1.85	0.000	0.06	0.781
69.333333	70.333333	11.56	0.000	1.01	0.000	1.97	0.000	0.19	0.000	9.59	0.000	0.83	0.000	0.45	0.798	0.24	0.798	0.51	0.798	0.07	0.798	0.41	0.000	2.77	0.000	2.21	0.000	3.52	0.000	0.06	0.781
72.333333	73.333333	26.13	0.000	2.07	0.000	2.38	0.000	0.22	0.000	23.75	0.000	1.85	0.000	1.12	0.798	0.59	0.798	1.27	0.798	0.18	0.798	2.84	0.000	9.52	0.000	3.87	0.000	5.66	0.000	0.06	0.781
74.333333	75.333333	11.50	0.000	1.00	0.000	1.52	0.000	0.16	0.000	9.98	0.000	0.85	0.000	0.47	0.798	0.25	0.798	0.53	0.798	0.08	0.798	1.08	0.000	3.87	0.000	2.01	0.000	2.13	0.000	0.06	0.781
78.333333	79.333333	16.30	0.000	1.35	0.000	1.81	0.000	0.18	0.000	14.48	0.000	1.17	0.000	0.68	0.798	0.36	0.798	0.77	0.798	0.11	0.798	0.79	0.000	3.52	0.000	3.17	0.000	4.44	0.000	0.06	0.781
81.333333	82.333333	13.48	0.000	1.14	0.000	1.33	0.000	0.14	0.000	12.15	0.000	1.01	0.000	0.57	0.798	0.30	0.798	0.65	0.798	0.09	0.798	1.00	0.000	4.18	0.000	2.02	0.000	2.83	0.000	0.06	0.781
84.333333	85.333333	3.93	0.000	0.50	0.000	0.67	0.000	0.10	0.000	3.27	0.000	0.43	0.000	0.15	0.798	0.08	0.798	0.17	0.798	0.02	0.798	0.02	0.780	1.06	0.000	0.94	0.000	1.19	0.000	0.06	0.781
87.333333	88.333333	4.57	0.000	0.54	0.000	0.58	0.000	0.09	0.000	4.00	0.000	0.47	0.000	0.19	0.798	0.10	0.798	0.21	0.798	0.03	0.798	0.10	0.000	1.03	0.000	0.70	0.000	1.24	0.000	0.06	0.781
90.333333	91.333333	12.66	0.000	1.09	0.000	1.25	0.000	0.14	0.000	11.42	0.000	0.96	0.000	0.54	0.798	0.28	0.798	0.61	0.798	0.09	0.798	0.70	0.000	2.66	0.000	1.88	0.000	2.92	0.000	0.06	0.781
