ebas_test_data/IT0023U.20180117170000.20181102123000.low_vol_sampler.ocec.pm25.30d.12h.IT19L_Sentinel_UniMI_01.IT20L_Sunset_UniGE_01.lev2.nas
107 1001 
Bernardoni, Vera; Massabò, Dario
IT20L, Università degli Studi di Genova, UniGE, Environmental Physics Laboratory, Department of Physics, Via Dodecaneso 33, 16146, Genova, Italy;
Bernardoni, Vera
EMEP COLOSSAL CAMPAIGN
1 1
2018 01 17 2018 11 02
0.5
days from file reference point
13
1 1 1 1 1 1 1 1 1 1 1 1 1
999.99999 999.99 9.999 99.99 9.999 99.99 9.999 9.99 9.999 999.99 9.999 99.99 9.999
end_time of measurement, days from the file reference point
total_carbon, ug C/m3, Detection limit=2.32 ug C/m3
numflag total_carbon, no unit
total_carbon, ug C/m3, Statistics=uncertainty
numflag total_carbon, no unit, Statistics=uncertainty
elemental_carbon, ug C/m3, Detection limit=0.2 ug C/m3
numflag elemental_carbon, no unit
elemental_carbon, ug C/m3, Statistics=uncertainty
numflag elemental_carbon, no unit, Statistics=uncertainty
organic_carbon, ug C/m3, Detection limit=2.32 ug C/m3
numflag organic_carbon, no unit
organic_carbon, ug C/m3, Statistics=uncertainty
numflag organic_carbon, no unit, Statistics=uncertainty
0
80
Data definition:                         EBAS_1.1 
Set type code:                           TU 
Timezone:                                UTC 
File name:                               IT0023U.20180117170000.20181102123000.low_vol_sampler.ocec.pm25.3mo.12h.IT20L_Sunset_UniGE_01.EUSAAR_2.lev2.nas 
Startdate:                               20180117170000 
Revision date:                           20181102123000 
Version:                                 1 
Version description:                     initial revision, manually inspected 
Data level:                              2 
Period code:                             30d 
Resolution code:                         12h 
Sample duration:                         12h 
Orig. time res.:                         12h 
Station code:                            IT0023U 
Platform code:                           IT0023S 
Station name:                            Milano (UNIMIB Roof Building U9)
Station WDCA-ID:                         
Station GAW-Name:                        
Station GAW-ID:                          
Station AIRS-ID:                          
Station other IDs:                        
Station state/province:                   
Station land use:                        Commercial 
Station setting:                         Urban and city center 
Station GAW type:                        C 
Station WMO region:                      6 
Station latitude:                        45.51052
Station longitude:                       9.211153
Station altitude:                        132.5m 
Measurement latitude:                    
Measurement longitude:                   
Measurement altitude:                     
Measurement height:                      12m 
Component:                               ocec 
Unit:                                    ug C/m3 
Matrix:                                  pm25 
Laboratory code:                         IT19L 
Instrument type:                         low_vol_sampler 
Instrument manufacturer:                 Tecora+Tecora  
Instrument model:                        Charlie HV+Sentinel PM
Instrument name:                         Sentinel_UniMI_01 
Instrument serial number:                206081+126 
Analytical laboratory code:              IT20L 
Analytical measurement technique:        thermal-optical_analysis 
Analytical instrument manufacturer:      Sunset Laboratory 
Analytical instrument model:             Carbon Aerosol Analyzer
Analytical instrument name:              Sunset_UniGE_01 
Analytical instrument serial number:     229 
Charring correction:                     By laser transmission 
Standard method:                         TEMP=EUSAAR_2 
Inlet type:                              Cyclone 
Inlet description:                       PM25 cyclone downstream an EPA-PM10 inlet upward facing with rain shield 
Flow rate:                               16.67 l/min 
Filter face velocity:                    23.3 cm/s 
Exposed filter area:                     11.9 cm2 
Humidity/temperature control:            None 
Humidity/temperature control description:filter kept at ambient conditions together with sampling head 
Medium:                                  Quartz 
Filter description:                      Pall, Non-Heat-treated Quartz, 2500 QAO-UP, 47mm 
Filter prefiring:                        973.15K, 1h 
Filter conditioning:                     293.15K, 50%RH, 24h 
Sample preparation:                      None 
Blank correction:                        Blank corrected 
Artifact correction:                     None 
Artifact correction description:          
Volume std. temperature:                 ambient
Volume std. pressure:                    ambient
Detection limit expl.:                   "Determined by taking 3 times standard deviation (SD=0.78 ug C/cm2) of ensemble of 9 field blanks for OC and TC. As for EC, detection limit given by the instrument constructor was used (0.2 ug C/cm2)"
Measurement uncertainty expl.:           "Measurement uncertainty includes quantifiable uncertainties i.e. flowrate and punch area uncertainties and analytical uncertainty provided by the instrument. Only for OC and TC also field blank standard deviation was considered."
Zero/negative values code:               Zero/negative impossible 
Zero/negative values:                     
QA1 measure ID:                          
QA1 date:                                
QA1 document URL:                                               
Originator:                              Bernardoni, Vera, vera.bernardoni@unimi.it, Università degli Studi di Milano, UNIMI, Environmental Physics group, Department of Physics, Via Celoria 16, 20133, Milan, Italy 
Originator:                              Massabò, Dario, dario.massabo@ge.infn.it, Università degli Studi di Genova, UniGE, Laboratory of Environmental Physics, Department of Physics, Via Dodecaneso 33, 16146, Genova, Italy 
Submitter:                               Bernardoni, Vera, vera.bernardoni@unimi.it, Università degli Studi di Milano, UNIMI, Environmental Physics group, Department of Physics, Via Celoria 16, 20133, Milan, Italy  
Acknowledgement:                         Silvia G. Danelli (Università	degli	Studi	di Genova) for contributing to TOT measurements; Roberta Vecchi and Gianluigi Valli (Univeristà degli Studi di Milano) for technical support to sampling campaign
Comment:                                 Average field blank=2.02 ug C/cm2 was subtracted from sample data in ug C/cm2 then the result was converted in ug C/m3 considering sampling volume; Carbon Aerosol Analyser is Model 4
start_time end_time TC TC_flag TC_uncert TC_uncert_flag EC EC_flag EC_uncert EC_uncert_flag OC OC_flag OC_uncert OC_uncert_flag
0.70833 1.20833 24.69 0.000 1.70 0.000 4.13 0.000 0.32 0.000 24.69 0.000 1.70 0.000                
1.20833 1.70833 6.75 0.000 0.95 0.000 2.43 0.000 0.23 0.000 6.75 0.000 0.95 0.000                
1.70833 2.20833 9.98 0.000 1.06 0.000 4.87 0.000 0.36 0.000 9.98 0.000 1.06 0.000                
2.20833 2.70833 6.12 0.000 0.93 0.000 3.43 0.000 0.28 0.000 6.12 0.000 0.93 0.000                
2.70833 3.20833 10.72 0.000 1.09 0.000 3.98 0.000 0.31 0.000 10.72 0.000 1.09 0.000                
3.20833 3.70833 8.97 0.000 1.03 0.000 3.15 0.000 0.26 0.000 8.97 0.000 1.03 0.000                
3.70833 4.20833 5.91 0.000 0.93 0.000 1.87 0.000 0.20 0.000 5.91 0.000 0.93 0.000                
4.20833 4.70833 1.70 0.147 0.83 0.147 0.67 0.000 0.13 0.000 1.70 0.147 0.83 0.147                
4.70833 5.20833 2.78 0.000 0.85 0.000 0.95 0.000 0.15 0.000 2.78 0.000 0.85 0.000                
5.20833 5.70833 3.92 0.000 0.87 0.000 2.03 0.000 0.21 0.000 3.92 0.000 0.87 0.000                
5.70833 6.20833 9.86 0.000 1.06 0.000 4.28 0.000 0.33 0.000 9.86 0.000 1.06 0.000                
6.20833 6.70833 10.59 0.000 1.08 0.000 4.10 0.000 0.32 0.000 10.59 0.000 1.08 0.000                
6.70833 7.20833 9.85 0.000 1.06 0.000 2.70 0.000 0.24 0.000 9.85 0.000 1.06 0.000                
7.20833 7.70833 7.90 0.000 0.99 0.000 2.28 0.000 0.22 0.000 7.90 0.000 0.99 0.000                
7.70833 8.20833 11.18 0.000 1.11 0.000 3.38 0.000 0.28 0.000 11.18 0.000 1.11 0.000                
8.20833 8.70833 14.31 0.000 1.23 0.000 4.53 0.000 0.34 0.000 14.31 0.000 1.23 0.000                
8.70833 9.20833 10.38 0.000 1.08 0.000 2.46 0.000 0.23 0.000 10.38 0.000 1.08 0.000                
9.20833 9.70833 10.02 0.000 1.06 0.000 1.88 0.000 0.20 0.000 10.02 0.000 1.06 0.000                
9.70833 10.20833 11.51 0.000 1.12 0.000 2.12 0.000 0.21 0.000 11.51 0.000 1.12 0.000                
10.20833 10.70833 5.23 0.000 0.91 0.000 1.51 0.000 0.18 0.000 5.23 0.000 0.91 0.000                
10.70833 11.20833 4.36 0.000 0.88 0.000 2.46 0.000 0.23 0.000 4.36 0.000 0.88 0.000                
11.20833 11.70833 5.25 0.000 0.91 0.000 1.33 0.000 0.17 0.000 5.25 0.000 0.91 0.000                
11.70833 12.20833 7.90 0.000 0.99 0.000 2.85 0.000 0.25 0.000 7.90 0.000 0.99 0.000                
12.20833 12.70833 9.88 0.000 1.06 0.000 3.88 0.000 0.30 0.000 9.88 0.000 1.06 0.000                
12.70833 13.20833 10.20 0.000 1.07 0.000 5.01 0.000 0.36 0.000 10.20 0.000 1.07 0.000                
13.20833 13.70833 8.34 0.000 1.00 0.000 3.51 0.000 0.28 0.000 8.34 0.000 1.00 0.000                
13.70833 14.20833 5.67 0.000 0.92 0.000 1.32 0.000 0.17 0.000 5.67 0.000 0.92 0.000                
14.20833 14.70833 11.34 0.658 2.12 0.658 3.66 0.658 0.43 0.658 11.34 0.658 2.12 0.658                
14.70833 15.20833 4.20 0.000 0.88 0.000 2.31 0.000 0.22 0.000 4.20 0.000 0.88 0.000                
15.20833 15.70833 3.90 0.000 0.87 0.000 1.45 0.000 0.17 0.000 3.90 0.000 0.87 0.000                
15.70833 16.20833 4.17 0.000 0.88 0.000 1.86 0.000 0.20 0.000 4.17 0.000 0.88 0.000                
16.20833 16.70833 2.00 0.147 0.83 0.147 1.34 0.000 0.17 0.000 2.00 0.147 0.83 0.147                
16.70833 17.20833 1.85 0.147 0.83 0.147 1.32 0.000 0.17 0.000 1.85 0.147 0.83 0.147                
17.20833 17.70833 1.92 0.147 0.83 0.147 0.80 0.000 0.14 0.000 1.92 0.147 0.83 0.147                
17.70833 18.20833 3.00 0.000 0.85 0.000 1.21 0.000 0.16 0.000 3.00 0.000 0.85 0.000                
18.20833 18.70833 2.13 0.147 0.83 0.147 0.99 0.000 0.15 0.000 2.13 0.147 0.83 0.147                
18.70833 19.20833 3.25 0.000 0.86 0.000 1.16 0.000 0.16 0.000 3.25 0.000 0.86 0.000                
19.20833 19.70833 1.59 0.147 0.82 0.147 1.07 0.000 0.15 0.000 1.59 0.147 0.82 0.147                
19.70833 20.20833 3.02 0.000 0.85 0.000 1.48 0.000 0.18 0.000 3.02 0.000 0.85 0.000                
20.20833 20.70833 3.49 0.000 0.86 0.000 1.81 0.000 0.19 0.000 3.49 0.000 0.86 0.000                
20.70833 21.20833 3.02 0.000 0.85 0.000 1.13 0.000 0.16 0.000 3.02 0.000 0.85 0.000                
21.20833 21.70833 2.63 0.000 0.84 0.000 1.36 0.000 0.17 0.000 2.63 0.000 0.84 0.000                
21.70833 22.20833 2.75 0.000 0.85 0.000 1.60 0.000 0.18 0.000 2.75 0.000 0.85 0.000                
22.20833 22.70833 4.84 0.000 0.90 0.000 2.72 0.000 0.24 0.000 4.84 0.000 0.90 0.000                
22.70833 23.20833 5.25 0.000 0.91 0.000 2.31 0.000 0.22 0.000 5.25 0.000 0.91 0.000                
23.20833 23.70833 3.30 0.000 0.86 0.000 1.52 0.000 0.18 0.000 3.30 0.000 0.86 0.000                
23.70833 24.20833 2.22 0.147 0.83 0.147 1.03 0.000 0.15 0.000 2.22 0.147 0.83 0.147                
24.20833 24.70833 4.08 0.000 0.88 0.000 1.80 0.000 0.19 0.000 4.08 0.000 0.88 0.000                
24.70833 25.20833 6.79 0.000 0.95 0.000 2.41 0.000 0.23 0.000 6.79 0.000 0.95 0.000                
25.20833 25.70833 4.15 0.000 0.88 0.000 1.01 0.000 0.15 0.000 4.15 0.000 0.88 0.000                
25.70833 26.20833 5.77 0.000 0.92 0.000 1.75 0.000 0.19 0.000 5.77 0.000 0.92 0.000                
26.20833 26.70833 3.89 0.000 0.87 0.000 1.07 0.000 0.15 0.000 3.89 0.000 0.87 0.000                
26.70833 27.20833 2.31 0.147 0.84 0.147 0.79 0.000 0.14 0.000 2.31 0.147 0.84 0.147                
27.20833 27.70833 0.74 0.147 0.81 0.147 0.95 0.000 0.15 0.000 0.74 0.147 0.81 0.147                
27.70833 28.20833 4.62 0.000 0.89 0.000 2.04 0.000 0.21 0.000 4.62 0.000 0.89 0.000                
28.20833 28.70833 3.07 0.000 0.85 0.000 1.95 0.000 0.20 0.000 3.07 0.000 0.85 0.000                
28.70833 29.20833 8.13 0.000 1.00 0.000 3.54 0.000 0.29 0.000 8.13 0.000 1.00 0.000                
29.20833 29.70833 3.90 0.000 0.87 0.000 1.74 0.000 0.19 0.000 3.90 0.000 0.87 0.000                
29.70833 30.20833 7.29 0.000 0.97 0.000 3.02 0.000 0.26 0.000 7.29 0.000 0.97 0.000                
30.20833 30.70833 9.76 0.000 1.05 0.000 3.46 0.000 0.28 0.000 9.76 0.000 1.05 0.000
