ebas_test_data/IT0023U.20180117170000.20181102190000.low_vol_sampler.levoglucosan.pm25.30d.12h.IT19L_Sentinel_UniMI_01..lev2.nas
96 1001 
Bernardoni, Vera; Massabò, Dario
IT20L, Università degli Studi di Genova, UniGE, Environmental Physics Laboratory, Department of Physics, Via Dodecaneso 33, 16146, Genova, Italy;
Bernardoni, Vera
EMEP COLOSSAL CAMPAIGN
1 1
2018 01 17 2018 11 02
0.5
days from file reference point
5
1 1 1 1 1
999.99999 9999 9.999 9999 9.999 
end_time of measurement, days from the file reference point
levoglucosan, ng/m3, Detection limit=0.010 ng/m3
numflag levoglucosan, no unit
levoglucosan, ng/m3, Statistics=uncertainty
numflag levoglucosan, no unit, Statistics=uncertainty
0
77
Data definition:                         EBAS_1.1 
Set type code:                           TU 
Timezone:                                UTC 
File name:                               IT0023U.20180117170000.20181102190000.low_vol_sampler.levoglucosan.pm25.30d.12h.IT19L_Sentinel_UniMI_01..lev2.nas 
Startdate:                               20180117170000 
Revision date:                           20181102190000 
Version:                                 1 
Version description:                     initial revision, manually inspected 
Data level:                              2 
Period code:                             30d 
Resolution code:                         12h 
Sample duration:                         12h 
Orig. time res.:                         12h 
Station code:                            IT0023U 
Platform code:                           IT0023S 
Station name:                            Milano (UNIMIB Roof Building U9)
Station WDCA-ID:                         
Station GAW-Name:                        
Station GAW-ID:                          
Station AIRS-ID:                          
Station other IDs:                        
Station state/province:                   
Station land use:                        Commercial 
Station setting:                         Urban and city center 
Station GAW type:                        C 
Station WMO region:                      6 
Station latitude:                        45.51052
Station longitude:                       9.211153
Station altitude:                        132.5m 
Measurement latitude:                    
Measurement longitude:                   
Measurement altitude:                     
Measurement height:                      12m 
Component:                               levoglucosan
Unit:                                    ng/m3 
Matrix:                                  pm25 
Laboratory code:                         IT19L 
Instrument type:                         low_vol_sampler 
Instrument manufacturer:                 Tecora+Tecora  
Instrument model:                        Charlie HV+Sentinel PM
Instrument name:                         Sentinel_UniMI_01 
Instrument serial number:                 
Analytical laboratory code:              IT20L 
Analytical measurement technique:        HPAEC-PAD 
Analytical instrument manufacturer:      DIONEX 
Analytical instrument model:             
Analytical instrument name:               
Analytical instrument serial number:      
Standard method:                          
Inlet type:                              Cyclone 
Inlet description:                       PM25 cyclone downstream an EPA-PM10 inlet upward facing with rain shield 
Flow rate:                               16.67 l/min 
Filter face velocity:                    23.3 cm/s 
Exposed filter area:                     11.9 cm2 
Humidity/temperature control:            None 
Humidity/temperature control description:filter kept at ambient conditions together with sampling head 
Volume std. temperature:                 ambient
Volume std. pressure:                    ambient
Medium:                                  Quartz 
Filter description:                      Pall, Non-Heat-treated Quartz, 2500 QAO-UP, 47mm 
Filter prefiring:                        973.15K, 1h 
Filter conditioning:                     293.15K, 50%RH, 24h 
Sample preparation:                      None 
Blank correction:                        Blank corrected 
Detection limit expl.:                   
Measurement uncertainty expl.:           
Zero/negative values code:               Zero/negative impossible 
Zero/negative values:                     
QA1 measure ID:                          
QA1 date:                                
QA1 document URL:                                               
Originator:                              Bernardoni, Vera, vera.bernardoni@unimi.it, Università degli Studi di Milano, UNIMI, Environmental Physics group, Department of Physics, Via Celoria 16, 20133, Milan, Italy 
Originator:                              Massabò, Dario, dario.massabo@ge.infn.it, Università degli Studi di Genova, UniGE, Laboratory of Environmental Physics, Department of Physics, Via Dodecaneso 33, 16146, Genova, Italy 
Submitter:                               Bernardoni, Vera, vera.bernardoni@unimi.it, Università degli Studi di Milano, UNIMI, Environmental Physics group, Department of Physics, Via Celoria 16, 20133, Milan, Italy  
Acknowledgement:                         Silvia G. Danelli (Università	degli	Studi	di Genova) for contributing to TOT measurements; Roberta Vecchi and Gianluigi Valli (Univeristà degli Studi di Milano) for technical support to sampling campaign
Comment:                                 
start_time end_time levoglucosan levoglucosan_flag levoglucosan_uncert levoglucosan_uncert_flag
0.70833	1.20833	2067	0.000	211	0.000
1.20833	1.70833	273	0.000	28	0.000
1.70833	2.20833	1538	0.000	157	0.000
2.20833	2.70833	387	0.000	39	0.000
2.70833	3.20833	902	0.000	92	0.000
3.20833	3.70833	571	0.000	58	0.000
3.70833	4.20833	261	0.000	27	0.000
4.20833	4.70833	10	0.781	9999	0.999
4.70833	5.20833	134	0.000	14	0.000
5.20833	5.70833	96	0.000	10	0.000
5.70833	6.20833	946	0.000	96	0.000
6.20833	6.70833	896	0.000	91	0.000
6.70833	7.20833	946	0.000	96	0.000
7.20833	7.70833	618	0.000	63	0.000
7.70833	8.20833	1245	0.000	127	0.000
8.20833	8.70833	1482	0.000	151	0.000
8.70833	9.20833	702	0.000	72	0.000
9.20833	9.70833	381	0.000	39	0.000
9.70833	10.20833	756	0.000	77	0.000
10.20833	10.70833	283	0.000	29	0.000
10.70833	11.20833	451	0.000	46	0.000
11.20833	11.70833	247	0.000	25	0.000
11.70833	12.20833	808	0.000	82	0.000
12.20833	12.70833	1258	0.000	128	0.000
12.70833	13.20833	900	0.000	92	0.000
13.20833	13.70833	762	0.000	78	0.000
13.70833	14.20833	247	0.000	25	0.000
14.20833	14.70833	288	0.658	29	0.658
14.70833	15.20833	233	0.000	24	0.000
15.20833	15.70833	205	0.000	21	0.000
15.70833	16.20833	239	0.000	24	0.000
16.20833	16.70833	76	0.000	8	0.000
16.70833	17.20833	96	0.000	10	0.000
17.20833	17.70833	60	0.000	6	0.000
17.70833	18.20833	217	0.000	22	0.000
18.20833	18.70833	106	0.000	11	0.000
18.70833	19.20833	195	0.000	20	0.000
19.20833	19.70833	10	0.781	9999	0.999
19.70833	20.20833	287	0.000	29	0.000
20.20833	20.70833	305	0.000	31	0.000
20.70833	21.20833	114	0.000	12	0.000
21.20833	21.70833	86	0.000	9	0.000
21.70833	22.20833	128	0.000	13	0.000
22.20833	22.70833	277	0.000	28	0.000
22.70833	23.20833	333	0.000	34	0.000
23.20833	23.70833	74	0.000	8	0.000
23.70833	24.20833	80	0.000	8	0.000
24.20833	24.70833	297	0.000	30	0.000
24.70833	25.20833	674	0.000	69	0.000
25.20833	25.70833	201	0.000	21	0.000
25.70833	26.20833	441	0.000	45	0.000
26.20833	26.70833	151	0.000	15	0.000
26.70833	27.20833	8	0.147	1	0.147
27.20833	27.70833	4	0.147	0	0.147
27.70833	28.20833	495	0.000	50	0.000
28.20833	28.70833	257	0.000	26	0.000
28.70833	29.20833	961	0.000	98	0.000
29.20833	29.70833	235	0.000	24	0.000
29.70833	30.20833	758	0.000	77	0.000
30.20833	30.70833	926	0.000	94	0.000
