ebas_test_data/IT0004R.20171201080000.20180726120000.lvs.levoglucosan.pm25.13w.3d.IT04L_JRC_PM25_01.IT04L_Denuder+Single-filter+EUSAAR_2.lev2.nas
103  1001													
Jaffrezo, Jean Luc; Lucaire, Vincent													
FR11L, Agence nationale pour la gestion des déchets radioactifs, Andra, , 1/7 rue Jean Monnet, , 92298, CHATENAY-MALABRY Cedex, France
Putaud, JP													
ACTRIS EMEP GAW-WDCA COLOSSAL CAMPAIGN
1 1													
2017 12 01   2018 07 26													
0													
Days from the file reference point													
13													
1 1 1 1 1 1 1 1 1 1 1 1 1													
9999.999999 99999 9.999 99999 9.999 99999 9.999 99999 9.999 9999.9 9.999 9999.9 9.999
end_time, days from the file reference point 													
levoglucosan, ng/m3, Method ref=FR11L_LGGE_ICS5000-1, Standard method=, Sample preparation=Water extraction, Detection limit=0.96 ng/m3
numflag levoglucosan, no unit													
levoglucosan, ng/m3, Statistics=uncertainty													
numflag levoglucosan, no unit, Statistics=uncertainty													
mannosan, ng/m3, Method ref=FR11L_LGGE_ICS5000-1, Standard method=, Sample preparation=Water extraction, Detection limit=
numflag mannosan, no unit													
mannosan, ng/m3, Statistics=uncertainty			
numflag mannosan, no unit, Statistics=uncertainty													
galactosan, ng/m3, Method ref=FR11L_LGGE_ICS5000-1, Standard method=, Sample preparation=Water extraction, Detection limit=
numflag galactosan, no unit													
galactosan, ng/m3, Statistics=uncertainty													
numflag galactosan, no unit, Statistics=uncertainty				
0													
76													
Data definition:	EBAS_1.1												
Set type code:	TI												
Timezone:	UTC												
File name:	IT0004R.20171201080000.20180726120000.low_vol_sampler.levoglucosan.pm25.13w.3d.IT04L_JRC_PM25_01.IT04L_Denuder+Single-filter+EUSAAR_2.lev2.nas	
Startdate:	20171201080000												
Revision date:	20180726120000												
Version:	1												
Version description:	initial revision manually inspected					
Data level:	2												
Period code:	13w												
Resolution code:	3d												
Sample duration:	1d												
Orig. time res.:	1d												
Station code:	IT0004R												
Platform code:	IT0004S												
Station name:	Ispra												
Station WDCA-ID:	GAWAIT__IPR           												
Station GAW-ID:	IPR												
Station AIRS-ID:													
Station other IDs:	IT0004R (EMEP)												
Station state/province:	VA												
Station land use:	Other												
Station setting:	Rural												
Station GAW type:	R												
Station WMO region:	6												
Station latitude:	45.803												
Station longitude:	8.626												
Station altitude:	209m												
Measurement height:	4m												
Component:	levoglucosan												
Unit:	ng/m3												
Matrix:	pm25												
Laboratory code:	IT04L												
Instrument type:	low_vol_sampler												
Instrument manufacturer:	Rupprecht&Patashnick												
Instrument model:	Partisol2025												
Instrument name:	JRC_PM25_01												
Instrument serial number:	B215620603												
Analytical laboratory code:	FR11L												
Analytical measurement technique:  IC-PAD													
Analytical instrument manufacturer: 													
Analytical instrument model:													
Analytical instrument name:	LGGE_ICS5000-1											
Analytical instrument serial number:													
Method ref:	IT04L_Denuder+Single-filter+EUSAAR_2												
Standard method:													
Inlet type:	Cyclone												
Inlet description:	PM2.5 Partisol sampling head followed by denuder												
Flow rate:	16.7 l/min												
Filter face velocity:	20 cm/s												
Exposed filter area:	13.85 cm2												
Humidity/temperature control:	None												
Humidity/temperature control description:	Loaded filter kept at ambient temperature +/- 5K	
Volume std. temperature:                 ambient
Volume std. pressure:                    ambient
Medium:	Quartz												
Filter description:	Pallflex_Tissuquartz_2500QAT-UP												
Filter prefiring:	Not prefired												
Filter conditioning:	293 K, 20 % RH, 24 h												
Sample preparation:	Water extraction												
Blank correction:	Blank corrected												
Artifact correction:													
Artifact correction description: 													
Detection limit expl.:	Determined by taking 3 times standard deviation of ensemble of field blanks + instrument uncertainty
Zero/negative values code:	Zero/negative possible												
Zero/negative values:	Zero/negative values reported as measured and flagged as below detection limit												
QA6 measure ID:                          													
QA6 date:													
QA6 outcome:													
QA6 document URL:     													
Acknowledgement:	Request acknowledgement details from data originator												
Originator:	Jaffrezo, Jean Luc, Jean-Luc.Jaffrezo@univ-grenoble-alpes.fr, Laboratoire de Glaciologie et Geophysique de lEnvironnement, LGGE, Laboratoire daerologie, Chimie Atmospherique Neige et Glace, 54 rue Moliere BP 96, F-38402, Saint-Martin dHeres cedex, France							
Originator:	Lucaire, Vincent, vincent.lucaire@ujf-grenoble.fr, Laboratoire de Glaciologie et Geophysique de lEnvironnement, LGGE, Laboratoire daerologie, Chimie Atmospherique Neige et Glace, 54 rue Moliere BP 96, F-38402, Saint-Martin dHeres cedex, France								
Submitter:	Putaud, JP, jean.putaud@ec.europa.eu, Joint Research Centre, EC-JRC, , via Fermi 2749, , I-21027, Ispra, Italy
Comment:                      	Flagging not performed yet.	
start_time	end_time	levo	levo_flag	levo_uncert	levo_uncert_flag	manno	manno_flag	manno_uncert	manno_uncert_flag	galacto	galacto_flag	galacto_uncert	galacto_uncert_flag
0.333333	1.333333	263	0.000	42	0.000	26	0.000	5	0.000	9.8	0.000	2.5	0.000
3.333333	4.333333	4724	0.000	756	0.000	473	0.000	95	0.000	253.5	0.000	65.9	0.000
6.333333	7.333333	1383	0.000	221	0.000	86	0.000	17	0.000	45.4	0.000	11.8	0.000
9.333333	10.333333	682	0.000	109	0.000	79	0.000	16	0.000	35.6	0.000	9.3	0.000
11.333333	12.333333	652	0.000	104	0.000	60	0.000	12	0.000	15.6	0.000	4.1	0.000
14.333333	15.333333	581	0.000	93	0.000	56	0.000	11	0.000	17.2	0.000	4.5	0.000
18.333333	19.333333	1484	0.000	237	0.000	131	0.000	26	0.000	59.0	0.000	15.3	0.000
21.333333	22.333333	2637	0.000	422	0.000	245	0.000	49	0.000	95.1	0.000	24.7	0.000
24.333333	25.333333	1312	0.000	210	0.000	111	0.000	22	0.000	38.7	0.000	10.1	0.000
28.333333	29.333333	433	0.000	69	0.000	28	0.000	6	0.000	7.4	0.000	1.9	0.000
30.333333	31.333333	2360	0.000	378	0.000	162	0.000	32	0.000	57.6	0.000	15.0	0.000
33.333333	34.333333	735	0.000	118	0.000	55	0.000	11	0.000	15.9	0.000	4.1	0.000
35.333333	36.333333	1143	0.000	183	0.000	73	0.000	15	0.000	24.3	0.000	6.3	0.000
39.333333	40.333333	1568	0.000	251	0.000	142	0.000	28	0.000	67.3	0.000	17.5	0.000
42.333333	43.333333	1321	0.000	211	0.000	150	0.000	30	0.000	63.0	0.000	16.4	0.000
45.333333	46.333333	2188	0.000	350	0.000	166	0.000	33	0.000	60.2	0.000	15.6	0.000
48.333333	49.333333	1899	0.000	304	0.000	132	0.000	26	0.000	66.8	0.000	17.4	0.000
52.333333	53.333333	1945	0.000	311	0.000	118	0.000	24	0.000	45.5	0.000	11.8	0.000
54.333333	55.333333	1923	0.000	308	0.000	163	0.000	33	0.000	55.6	0.000	14.5	0.000
56.333333	57.333333	789	0.000	126	0.000	80	0.000	16	0.000	28.6	0.000	7.4	0.000
60.333333	61.333333	1220	0.000	195	0.000	114	0.000	23	0.000	48.2	0.000	12.5	0.000
63.333333	64.333333	1452	0.000	232	0.000	105	0.000	21	0.000	46.2	0.000	12.0	0.000
66.333333	67.333333	1313	0.000	210	0.000	74	0.000	15	0.000	31.2	0.000	8.1	0.000
69.333333	70.333333	2320	0.000	371	0.000	120	0.000	24	0.000	44.1	0.000	11.5	0.000
72.333333	73.333333	2308	0.000	369	0.000	286	0.000	57	0.000	111.5	0.000	29.0	0.000
74.333333	75.333333	1818	0.000	291	0.000	149	0.000	30	0.000	61.0	0.000	15.9	0.000
78.333333	79.333333	2771	0.000	443	0.000	144	0.000	29	0.000	59.7	0.000	15.5	0.000
81.333333	82.333333	835	0.000	134	0.000	135	0.000	27	0.000	50.8	0.000	13.2	0.000
84.333333	85.333333	650	0.000	104	0.000	43	0.000	9	0.000	14.6	0.000	3.8	0.000
87.333333	88.333333	281	0.000	45	0.000	45	0.000	9	0.000	8.0	0.000	2.1	0.000
90.333333	91.333333	828	0.000	132	0.000	68	0.000	14	0.000	13.9	0.000	3.6	0.000
