ebas_test_data/IT0022C.20180116230000.20180725180000.low_vol_sampler.levoglucosan_mannosan_galactosan.pm25.4w.1d.IT06L_PM55..lev2.nas
108 1001
Stefania, Gilardoni; Angela, Marinoni; Daniele, Contini
IT06L,National Research Council, CNR, Institute of Atmospheric Sciences and Climate, via Gobetti 101,, 40129, Bologna, Italy
Stefania, Gilardoni
EMEP COLOSSAL CAMPAIGN
1 1
2018 01 16 2018 07 25
1																																			
days from file reference point
13																																			
1 1 1 1 1 1 1 1 1 1 1 1 1 
9999.999999 9999 9.999 99 9.999 999.9 9.999 9.9 9.999 99.9 9.999 99.9 9.999			
end_time of measurement, days from the file reference point
levoglucosan, ng/m3, Detection limit=1 ng/m3
numflag levoglucosan, no unit
levoglucosan, ng/m3, Statistics=uncertainty
numflag levoglucosan, no unit, Statistics=uncertainty
mannosan, ng/m3, Detection limit=1 ng/m3
numflag mannosan, no unit
mannosan, ng/m3, Statistics=uncertainty
numflag mannosan, no unit, Statistics=uncertainty
galactosan, ng/m3, Detection limit=1 ng/m3
numflag galactosan, no unit
galactosan, ng/m3, Statistics=uncertainty
numflag galactosan, no unit, Statistics=uncertainty
0																																			
81																																			
Data definition: EBAS_1.1
Set type code: TU
Timezone: UTC
File name: IT0022C.20180116230000.20180725180000.low_vol_sampler.levoglucosan_mannosan_galactosan.pm25.4w.1d.IT06L_PM55..lev2.nas
Startdate: 20180116230000
Revision date: 20180725180000
Version: 1
Version description: initial revision, manually inspected
Data level: 2
Period code: 4w
Resolution code: 1d
Sample duration: 1d
Orig. time res.: 1d
Station code: IT0022C
Station name:ISAC Bologna II
Platform code: IT0022S
Station WDCA-ID: 
Station GAW-Name: 
Station GAW-ID: 
Station AIRS-ID:
Station other IDs:
Station state/province:
Station land use: Residential
Station setting: Suburban	
Station GAW type: 
Station WMO region: 6
Station latitude: 44.5237
Station longitude: 11.3384
Station altitude:39 m
Measurement latitude: 44.5237
Measurement longitude:  11.3384
Measurement altitude: 39 m
Measurement height: 20m
Component: levoglucosan_mannosan_galactosan
Unit: ng/m3
Matrix: pm25
Laboratory code: IT06L
Instrument type: low_vol_sampler
Instrument manufacturer: TCR Tecora
Instrument model: Skypost
Instrument name: PM55
Instrument serial number: 23459	
Analytical laboratory code: IT22L 
Analytical measurement technique:   ENEA
Analytical instrument manufacturer: 
Analytical instrument model: Carbon  
Analytical instrument name:  
Analytical instrument serial number: 
Charring correction: 
Standard method: 
Inlet type: Impactor--direct
Inlet description: Upward facing with rain shield
Flow rate: 38.0 l/min
Filter face velocity: 48 cm/s
Exposed filter area: 13.2 cm2
Humidity/temperature control: None
Humidity/temperature control description:filter kept at ambient conditions together with sampling head
Volume std. temperature: ambient
Volume std. pressure: ambient
Medium: Quartz
Filter description: PALLFLEX TISSQUARTZ 2500QAT-UP 
Filter prefiring: 1123.15K, 3h
Filter conditioning: 293.15K, 50%RH, 48h
Sample preparation: None
Blank correction: Blank corrected
Artifact correction: None
Artifact correction description:
Detection limit expl.: Determined by taking 3 times standard deviation of ensemble of field blanks
Measurement uncertainty expl.: Measurement uncertainty includes quantifiable uncertainty
Zero/negative values code: Zero/negative possible
Zero/negative values: Zero/negative values reported as measured if within detection limit, flagged with 780
QA1 measure ID:  
QA1 date: 
QA1 document URL: 
Originator: Stefania, Gilardoni, s.gilardoni@isac.cnr.it, National Research Council, CNR, Institute of Atmospheric Science and Climate,via gobetti 101,, 40129, Bologna, Italy
Originator: Angela, Marinoni, a.marinoni@isac.cnr.it, National Research Council, CNR, Institute of Atmospheric Science and Climate,via gobetti 101,, 40129, Bologna, Italy
Originator: Daniele, Contini, d.contini@isac.cnr.it, National Research Council, CNR, Institute of Atmospheric Science and Climate, Str. Prv. Lecce-Monteroni km 1.2,, 73100, Lecce, Italy
Submitter: Stefania, Gilardoni, sgilardoni@isac.cnr.it, National Research Council, CNR, Institute of Atmospheric Science and Climate,via gobetti 101,, 40129, Bologna, Italy
Acknowledgement: Request acknowledgement details from data originator
Comment:																																			
start_time	end_time	levoglucosan    levoglucosan_flag       levoglucosan_uncert     levoglucosan_uncert_flag        mannosan        mannosan_flag   mannosan_uncert mannosan_uncert_flag    galactosan      galactosan_flag galactosan_uncert       galactosan_uncert_flag
0.958333	1.954861	286	0.000	7	0.000	30.6	0.000	0.8	0.000	8.3	0.000	0.6	0.000
1.958333	2.954861	363	0.000	10	0.000	55.0	0.000	3.0	0.000	13.7	0.000	0.4	0.000
2.958333	3.954861	800	0.000	20	0.000	99.0	0.000	3.0	0.000	31.0	0.000	0.9	0.000
3.958333	4.954861	900	0.000	20	0.000	106.0	0.000	3.0	0.000	39.0	0.000	1.0	0.000
4.958333	5.954861	820	0.000	20	0.000	87.0	0.000	2.0	0.000	34.0	0.000	2.0	0.000
5.958333	6.954861	860	0.000	20	0.000	100.0	0.000	3.0	0.000	38.0	0.000	1.0	0.000
6.958333	7.954861	545	0.000	14	0.000	50.0	0.000	2.0	0.000	40.3	0.000	10.0	0.000
7.958333	8.954861	720	0.000	20	0.000	84.0	0.000	3.0	0.000	38.0	0.000	1.0	0.000
8.958333	9.954861	770	0.000	20	0.000	84.0	0.000	3.0	0.000	32.3	0.000	0.9	0.000
9.958333	10.954861	1140	0.000	30	0.000	126.0	0.000	3.0	0.000	51.8	0.000	1.3	0.000
10.958333	11.954861	850	0.000	20	0.000	106.0	0.000	3.0	0.000	33.8	0.000	0.9	0.000
11.958333	12.954861	560	0.000	15	0.000	61.0	0.000	2.0	0.000	22.1	0.000	0.6	0.000
12.958333	13.954861	660	0.000	20	0.000	70.0	0.000	2.0	0.000	25.7	0.000	0.7	0.000
13.958333	14.954861	569	0.000	15	0.000	63.0	0.000	2.0	0.000	21.8	0.000	0.6	0.000
14.958333	15.954861	318	0.000	8	0.000	34.1	0.000	0.9	0.000	11.6	0.000	0.3	0.000
15.958333	16.954861	374	0.000	10	0.000	39.3	0.000	1.0	0.000	13.8	0.000	0.4	0.000
16.958333	17.954861	519	0.000	13	0.000	60.0	0.000	2.0	0.000	21.4	0.000	0.6	0.000
17.958333	18.954861	890	0.000	20	0.000	114.0	0.000	3.0	0.000	35.3	0.000	1.1	0.000
18.958333	19.954861	640	0.000	20	0.000	78.0	0.000	2.0	0.000	25.4	0.000	0.7	0.000
19.958333	20.954861	720	0.000	20	0.000	72.0	0.000	2.0	0.000	27.2	0.000	0.9	0.000
20.958333	21.954861	175	0.000	5	0.000	14.5	0.000	1.7	0.000	7.2	0.000	0.2	0.000
21.958333	22.954861	366	0.000	10	0.000	37.0	0.000	1.0	0.000	14.6	0.000	0.4	0.000
22.958333	23.954861	432	0.000	11	0.000	48.0	0.000	2.0	0.000	18.0	0.000	1.0	0.000
23.958333	24.954861	590	0.000	15	0.000	66.0	0.000	2.0	0.000	23.6	0.000	0.7	0.000
24.958333	25.954861	1050	0.000	30	0.000	127.0	0.000	3.0	0.000	44.0	0.000	1.0	0.000
25.958333	26.954861	361	0.000	9	0.000	40.5	0.000	1.1	0.000	13.6	0.000	0.4	0.000
26.958333	27.954861	404	0.000	11	0.000	52.0	0.000	2.0	0.000	16.6	0.000	0.4	0.000
