ebas_test_data/IT0020U.20180120120600.20180605000000.low_vol_sampler.ocec.pm25.9w.12h.IT16L_TCR1.IT16L_COAC005_Sunset.lev2.nas
114 1001 
Pittavino, Sara; Diemoz, Henri
IT16L, ARPA Valle d'Aosta, ARPA VDA, COAC Laboratory, Loc. Grande Charrière 44,, 11020, Saint-Christophe, Italy
Pittavino, Sara
EMEP GAW-WDCA COLOSSAL CAMPAIGN
1 1
2018 01 20 2018 06 05
0.0
days from file reference point
23
1 1 1 1 1 1 1 1 1 1 1 1 1 1 1 1 1 1 1 1 1 1 1 
999.999999 999.99 9.999999999 999.99 9.999999999 999.99 9.999999999 999.99 9.999999999 999.99 9.999999999 999.99 9.999999999 999.99 9.999999999 999.99 9.999999999 999.99 9.999999999 999.99 9.999999999 999.99 9.999999999
end_time of measurement, days from the file reference point
total_carbon, ug C/m3, Detection limit=0.2 ug C/m3
numflag total_carbon, no unit
total_carbon, ug C/m3, Statistics=uncertainty
numflag total_carbon, no unit, Statistics=uncertainty
elemental_carbon, ug C/m3, Detection limit=0.2 ug C/m3
numflag elemental_carbon, no unit
elemental_carbon, ug C/m3, Statistics=uncertainty
numflag elemental_carbon, no unit, Statistics=uncertainty
organic_carbon, ug C/m3, Detection limit=0.2 ug C/m3
numflag organic_carbon, no unit
organic_carbon, ug C/m3, Statistics=uncertainty
numflag organic_carbon, no unit, Statistics=uncertainty
organic_carbon, ug C/m3, Fraction=OC1
numflag organic_carbon, no unit, Fraction=OC1
organic_carbon, ug C/m3, Fraction=OC2
numflag organic_carbon, no unit, Fraction=OC2
organic_carbon, ug C/m3, Fraction=OC3
numflag organic_carbon, no unit, Fraction=OC3
organic_carbon, ug C/m3, Fraction=OC4
numflag organic_carbon, no unit, Fraction=OC4
organic_carbon, ug C/m3, Fraction=OCPyr
numflag organic_carbon, no unit, Fraction=OCPyr
0
77 
Data definition:                         EBAS_1.1 
Set type code:                           TI 
Timezone:                                UTC 
File name:                               IT0020U.20180120120600.20180605000000.low_vol_sampler.ocec.pm25.9w.12h.IT16L_TCR1.IT16L_COAC005_Sunset.lev2.nas 
Startdate:                               20180120120600 
Revision date:                           20180605000000 
Version:                                 1 
Version description:                     initial revision, manually inspected 
Data level:                              2 
Period code:                             9w 
Resolution code:                         12h 
Sample duration:                         12h 
Orig. time res.:                         12h 
Station code:                            IT0020U 
Platform code:                           IT0020S 
Station name:                            Aosta-Saint Christophe 
Station WDCA-ID:                          
Station GAW-Name:                         
Station GAW-ID:                          
Station AIRS-ID:                          
Station other IDs:                        
Station state/province:                  Italy/Aosta 
Station land use:                        Commercial
Station setting:                         Suburban 
Station GAW type:                        R 
Station WMO region:                      6 
Station latitude:                        45.7422 
Station longitude:                       7.3570 
Station altitude:                        560m 
Measurement latitude:                    45.7422
Measurement longitude:                   7.3570
Measurement altitude:                    560m 
Measurement height:                      10m 
Component:                               ocec 
Unit:                                    ug C/m3 
Matrix:                                  pm25
Laboratory code:                         IT16L  
Instrument type:                         low_vol_sampler 
Instrument manufacturer:                 TCR Tecora
Instrument model:                        Skypost 
Instrument name:                         TCR1
Instrument serial number:                950556 
Analytical laboratory code:              IT16L 
Analytical measurement technique:        thermal-optical_analysis 
Analytical instrument manufacturer:      Sunset Laboratory 
Analytical instrument model:             Carbon Aerosol Analyzer 
Analytical instrument name:              COAC005_Sunset 
Analytical instrument serial number:     308-105 
Charring correction:                     By laser transmission 
Standard method:                         SOP=EMEP_manual_v2014, TEMP=EUSAAR_2 
Inlet type:                              Impactor--direct 
Inlet description:                       Upward facing with rain shield 
Flow rate:                               38.0 l/min 
Filter face velocity:                    50.44 cm/s 
Exposed filter area:                     12.56 cm2 
Humidity/temperature control:            None 
Humidity/temperature control description:filter kept at ambient conditions together with sampling head 
Medium:                                  Quartz 
Filter description:                      Millipore AQF_A04700 Lot_R7HA46123 
Filter prefiring:                        873K, 1h 
Filter conditioning:                      
Sample preparation:                      None 
Blank correction:                        Not blank corrected 
Artifact correction:                     None 
Artifact correction description:          
Detection limit expl.:                   Determined by taking 3 times standard deviation of ensemble of field blanks 
Measurement uncertainty expl.:           Measurement uncertainty includes quantifiable uncertainty
Zero/negative values code:               Zero/negative possible 
Zero/negative values:                    All data are valid               
Volume std. temperature:                 ambient
Volume std. pressure:                    ambient
Originator:                              Pittavino, Sara, s.pittavino@arpa.vda.it, Regional Agency for Environmental Protection of Aosta Valley, ARPA VDA, COAC Laboratory, Loc. Grande Charrière 44,, 11020, Saint-Christophe, Italy
Originator: 				 Diemoz, Henri, h.diemoz@arpa.vda.it, Regional Agency for Environmental Protection of Aosta Valley, ARPA VDA, Air and Atmosphere Department, Loc. Grande Charrière 44,, 11020, Saint-Christophe, Italy
Submitter:                               Pittavino, Sara, s.pittavino@arpa.vda.it, Regional Agency for Environmental Protection of Aosta Valley, ARPA VDA, COAC Laboratory, Loc. Grande Charrière 44,, 11020, Saint-Christophe, Italy
Acknowledgement:                         Request acknowledgement details from data originator 
Comment:                                 
start_time	end_time	 TC	  TC_flag	 TC_unc	 TC_unc_flag	 EC	 EC_flag	 EC_unc 	EC_unc_flag 	OC 	  OC_flag 	OC_unc 	OC_unc_flag 	OC_peak1 	OC_peak1_flag	 OC_peak2 	OC_peak2_flag 	OC_peak3 	OC_peak3_flag 	OC_peak4 	OC_peak4_flag	 OC_Pyr 	OC_Pyr_flag
0.504166	1.004861	4.97	0.000000000	0.23	0.000000000	1.70	0.000000000	0.08	0.000000000	3.27	0.000000000	0.17	0.000000000	0.63	0.000000000	0.48	0.000000000	0.75	0.000000000	0.71	0.000000000	0.69	0.000000000
4.008333	4.488888	16.90	0.000000000	0.75	0.000000000	5.18	0.000000000	0.23	0.000000000	11.72	0.000000000	0.53	0.000000000	1.92	0.000000000	1.94	0.000000000	1.97	0.000000000	1.47	0.000000000	4.41	0.000000000
4.499305	4.998611	16.41	0.000000000	0.73	0.000000000	4.28	0.000000000	0.19	0.000000000	12.13	0.000000000	0.55	0.000000000	2.13	0.000000000	1.96	0.000000000	2.08	0.000000000	1.39	0.000000000	4.56	0.000000000
4.998611	5.499305	19.36	0.000000000	0.86	0.000000000	6.89	0.000000000	0.31	0.000000000	12.47	0.000000000	0.56	0.000000000	2.63	0.000000000	2.54	0.000000000	2.25	0.000000000	1.43	0.000000000	3.62	0.000000000
5.499305	6.000000	15.70	0.000000000	1.53	0.000000000	5.50	0.000000000	0.53	0.000000000	10.20	0.000000000	1.00	0.000000000	1.92	0.000000000	1.78	0.000000000	1.92	0.000000000	1.33	0.000000000	3.25	0.000000000
6.000000	6.500694	18.73	0.000000000	0.83	0.000000000	5.59	0.000000000	0.25	0.000000000	13.14	0.000000000	0.59	0.000000000	2.14	0.000000000	2.46	0.000000000	2.23	0.000000000	1.53	0.000000000	4.78	0.000000000
6.500694	7.001388	18.29	0.000000000	0.82	0.000000000	4.57	0.000000000	0.20	0.000000000	13.72	0.000000000	0.62	0.000000000	1.93	0.000000000	2.16	0.000000000	2.04	0.000000000	1.35	0.000000000	6.24	0.000000000
7.001388	7.502083	9.37	0.000000000	0.42	0.000000000	2.93	0.000000000	0.13	0.000000000	6.44	0.000000000	0.30	0.000000000	1.07	0.000000000	0.97	0.000000000	1.28	0.000000000	1.14	0.000000000	1.99	0.000000000
7.502083	8.002777	8.88	0.000000000	0.40	0.000000000	3.78	0.000000000	0.17	0.000000000	5.10	0.000000000	0.24	0.000000000	1.11	0.000000000	0.92	0.000000000	1.12	0.000000000	1.02	0.000000000	0.93	0.000000000
8.002777	8.503472	8.48	0.000000000	0.83	0.000000000	3.13	0.000000000	0.30	0.000000000	5.35	0.000000000	0.53	0.000000000	0.96	0.000000000	0.87	0.000000000	1.19	0.000000000	1.05	0.000000000	1.28	0.000000000
9.004166	9.504861	13.89	0.000000000	0.62	0.000000000	6.13	0.000000000	0.27	0.000000000	7.77	0.000000000	0.36	0.000000000	1.72	0.000000000	1.58	0.000000000	1.45	0.000000000	1.20	0.000000000	1.81	0.000000000
9.504861	10.005555	13.51	0.000000000	0.60	0.000000000	6.15	0.000000000	0.27	0.000000000	7.36	0.000000000	0.34	0.000000000	1.53	0.000000000	1.41	0.000000000	1.38	0.000000000	1.17	0.000000000	1.86	0.000000000
10.005555	10.506250	14.03	0.000000000	0.63	0.000000000	6.12	0.000000000	0.27	0.000000000	7.91	0.000000000	0.36	0.000000000	1.67	0.000000000	1.46	0.000000000	1.49	0.000000000	1.24	0.000000000	2.04	0.000000000
10.506250	11.006944	11.70	0.000000000	0.52	0.000000000	4.21	0.000000000	0.19	0.000000000	7.49	0.000000000	0.35	0.000000000	1.56	0.000000000	1.18	0.000000000	1.42	0.000000000	1.28	0.000000000	2.06	0.000000000
11.499305	11.998611	11.02	0.000000000	0.49	0.000000000	3.40	0.000000000	0.15	0.000000000	7.62	0.000000000	0.35	0.000000000	1.47	0.000000000	1.17	0.000000000	1.47	0.000000000	1.10	0.000000000	2.40	0.000000000
11.998611	12.499305	12.34	0.000000000	0.55	0.000000000	3.71	0.000000000	0.17	0.000000000	8.64	0.000000000	0.39	0.000000000	1.49	0.000000000	1.40	0.000000000	1.47	0.000000000	1.23	0.000000000	3.05	0.000000000
13.000000	13.500694	7.14	0.000000000	0.32	0.000000000	2.89	0.000000000	0.13	0.000000000	4.25	0.000000000	0.21	0.000000000	0.93	0.000000000	0.78	0.000000000	0.92	0.000000000	0.82	0.000000000	0.80	0.000000000
20.002777	20.502083	11.31	0.000000000	0.51	0.000000000	3.13	0.000000000	0.14	0.000000000	8.19	0.000000000	0.38	0.000000000	1.36	0.000000000	1.37	0.000000000	1.53	0.000000000	1.18	0.000000000	2.75	0.000000000
22.508333	23.009027	8.49	0.000000000	0.38	0.000000000	1.23	0.000000000	0.06	0.000000000	7.27	0.000000000	0.34	0.000000000	1.24	0.000000000	0.99	0.000000000	1.23	0.000000000	1.29	0.000000000	2.53	0.000000000
27.500000	27.999305	16.23	0.000000000	0.72	0.000000000	2.67	0.000000000	0.12	0.000000000	13.57	0.000000000	0.61	0.000000000	2.00	0.000000000	2.14	0.000000000	2.22	0.000000000	1.39	0.000000000	5.82	0.000000000
27.999305	28.500000	20.03	0.000000000	0.89	0.000000000	3.47	0.499000000	0.16	0.000000000	16.57	0.000000000	0.74	0.000000000	2.18	0.000000000	2.56	0.000000000	2.31	0.000000000	1.52	0.000000000	8.00	0.000000000
28.500000	29.000694	18.74	0.000000000	0.84	0.000000000	2.11	0.499000000	0.10	0.000000000	16.64	0.000000000	0.74	0.000000000	2.42	0.000000000	2.39	0.000000000	2.24	0.000000000	1.52	0.000000000	8.07	0.000000000
31.999305	32.500000	9.44	0.000000000	0.43	0.000000000	1.72	0.000000000	0.08	0.000000000	7.72	0.000000000	0.36	0.000000000	1.24	0.000000000	1.17	0.000000000	1.32	0.000000000	1.26	0.000000000	2.73	0.000000000
35.504166	36.004861	20.65	0.000000000	0.92	0.000000000	4.35	0.499000000	0.19	0.000000000	16.30	0.000000000	0.73	0.000000000	2.56	0.000000000	2.26	0.000000000	2.21	0.000000000	1.94	0.000000000	7.33	0.000000000
39.000694	39.501388	4.73	0.000000000	0.22	0.000000000	0.68	0.000000000	0.04	0.000000000	4.05	0.000000000	0.20	0.000000000	0.80	0.000000000	0.57	0.000000000	0.56	0.000000000	0.68	0.000000000	1.44	0.000000000
39.501388	40.002083	6.08	0.000000000	0.28	0.000000000	0.71	0.000000000	0.04	0.000000000	5.36	0.000000000	0.26	0.000000000	0.97	0.000000000	0.80	0.000000000	0.63	0.000000000	0.74	0.000000000	2.22	0.000000000
40.002083	40.502777	6.96	0.000000000	0.32	0.000000000	0.72	0.000000000	0.04	0.000000000	6.24	0.000000000	0.29	0.000000000	1.08	0.000000000	0.94	0.000000000	0.64	0.000000000	0.79	0.000000000	2.80	0.000000000
40.502777	41.004166	9.49	0.000000000	0.43	0.000000000	1.63	0.000000000	0.08	0.000000000	7.85	0.000000000	0.36	0.000000000	1.41	0.000000000	1.16	0.000000000	0.95	0.000000000	1.00	0.000000000	3.34	0.000000000
41.004166	41.490277	10.14	0.000000000	0.46	0.000000000	1.87	0.000000000	0.09	0.000000000	8.27	0.000000000	0.38	0.000000000	1.43	0.000000000	1.25	0.000000000	1.04	0.000000000	1.12	0.000000000	3.43	0.000000000
42.501388	43.000694	12.19	0.000000000	0.55	0.000000000	3.06	0.000000000	0.14	0.000000000	9.13	0.000000000	0.42	0.000000000	1.55	0.000000000	1.22	0.000000000	1.58	0.000000000	1.42	0.000000000	3.35	0.000000000
44.002083	44.502777	14.35	0.000000000	0.64	0.000000000	2.79	0.000000000	0.13	0.000000000	11.55	0.000000000	0.52	0.000000000	1.55	0.000000000	1.74	0.000000000	1.69	0.000000000	1.35	0.000000000	5.23	0.000000000
46.005555	46.506250	11.10	0.000000000	0.50	0.000000000	3.14	0.000000000	0.14	0.000000000	7.96	0.000000000	0.37	0.000000000	1.44	0.000000000	1.22	0.000000000	1.51	0.000000000	1.25	0.000000000	2.55	0.000000000
55.999305	56.500000	5.82	0.000000000	0.27	0.000000000	1.30	0.000000000	0.06	0.000000000	4.52	0.000000000	0.22	0.000000000	0.84	0.000000000	0.69	0.000000000	0.97	0.000000000	1.00	0.000000000	1.02	0.000000000
62.999305	63.500000	9.30	0.000000000	0.42	0.000000000	1.69	0.000000000	0.08	0.000000000	7.61	0.000000000	0.35	0.000000000	1.41	0.000000000	1.13	0.000000000	1.65	0.000000000	1.37	0.000000000	2.04	0.000000000
64.002083	64.501388	5.73	0.000000000	0.26	0.000000000	0.77	0.000000000	0.04	0.000000000	4.95	0.000000000	0.24	0.000000000	1.07	0.000000000	0.72	0.000000000	0.80	0.000000000	0.75	0.000000000	1.60	0.000000000
65.001388	65.502083	2.13	0.000000000	0.12	0.000000000	0.22	0.499000000	0.02	0.000000000	1.90	0.000000000	0.13	0.000000000	0.67	0.000000000	0.32	0.000000000	0.31	0.000000000	0.25	0.000000000	0.36	0.000000000
