ebas_test_data/IT0021U.20180126000500.20180613000000.low_vol_sampler.levoglucosan.pm10.45d.12h.IT17L_TCR2.IT17L_D34.lev2.nas
95 1001 
Lazzeri, Paolo
IT17L, Agenzia Provinciale Protezione Ambiente Trento, APPA TN, Settore Laboratorio, Via Lidorno 1,, 38123, Trento, Italy
Lazzeri, Paolo
EMEP COLOSSAL CAMPAIGN
1 1
2018 01 01 2018 06 13
0.0
days from file reference point
5
1 1 1 1 1
9999.999999 9999 9.999 9999 9.999
end_time of measurement, days from the file reference point
levoglucosan, ng/m3, Detection limit=1 ng/m3
numflag levoglucosan, no unit
levoglucosan, ng/m3, Statistics=uncertainty
numflag levoglucosan, no unit, Statistics=uncertainty
0
76 
Data definition:                         EBAS_1.1 
Set type code:                           TI 
Timezone:                                UTC 
File name:                               IT0021U.20180126000500.20180613000000.low_vol_sampler.levoglucosan.pm10.45d.12h.IT17L_TCR2.IT17L_D34.lev2.nas
Startdate:                               20180126000500 
Revision date:                           20180613000000 
Version:                                 1 
Version description:                     initial revision, manually inspected 
Data level:                              2 
Period code:                             45d 
Resolution code:                         12h 
Sample duration:                         12h 
Orig. time res.:                         12h 
Station code:                            IT0021U
Platform code:                           IT0021S 
Station name:                            BrennerLEC
Station WDCA-ID:                          
Station GAW-Name:                         
Station GAW-ID:                          
Station AIRS-ID:                          
Station other IDs:                        
Station state/province:                  Italy/Trento 
Station land use:                        Commercial
Station setting:                         Traffic
Station GAW type:                         
Station WMO region:                      6 
Station latitude:                        45.86480 
Station longitude:                       11.00310 
Station altitude:                        200m 
Measurement latitude:                    45.86480
Measurement longitude:                   11.00310
Measurement altitude:                    200m 
Measurement height:                      3.5m 
Component:                               levoglucosan 
Unit:                                    ng/m3 
Matrix:                                  pm10
Laboratory code:                         IT17L 
Instrument type:                         low_vol_sampler 
Instrument manufacturer:                 TCR Tecora
Instrument model:                        Skypost 
Instrument name:                         TCR2
Instrument serial number:                147088
Analytical laboratory code:              IT17L 
Analytical measurement technique:        IC 
Analytical instrument manufacturer:      Dionex 
Analytical instrument model:             DX-600 
Analytical instrument name:              D34 
Analytical instrument serial number:     308-105 
Charring correction:                      
Standard method:                          
Inlet type:                              Impactor--direct 
Inlet description:                       Upward facing with rain shield 
Flow rate:                               38.0 l/min 
Filter face velocity:                    52.99 cm/s 
Exposed filter area:                     11.95 cm2 
Humidity/temperature control:            None 
Humidity/temperature control description:filter kept at ambient conditions together with sampling head 
Medium:                                  Quartz 
Filter description:                      Munktell_MK360 
Filter prefiring:                        823K, 1h 
Filter conditioning:                      
Sample preparation:                      None 
Blank correction:                        Not blank corrected 
Artifact correction:                     None 
Artifact correction description:          
Detection limit expl.:                   Determined by taking 3 times standard deviation of ensemble of field blanks 
Measurement uncertainty expl.:           Measurement uncertainty includes quantifiable uncertainty
Zero/negative values code:               Zero/negative possible 
Zero/negative values:                    All data are valid               
Volume std. temperature:                 ambient
Volume std. pressure:                    ambient
Originator: Lazzeri, Paolo, paolo.lazzeri@provincia.tn.it, Agenzia Provinciale Protezione Ambiente Trento, APPA TN, Settore Laboratorio, Via Lidorno 1,, 38123, Trento, Italy
Submitter:                               Lazzeri, Paolo, paolo.lazzeri@provincia.tn.it, Agenzia Provinciale Protezione Ambiente Trento, APPA TN, Settore Laboratorio, Via Lidorno 1,, 38123, Trento, Italy
Acknowledgement:                         Request acknowledgement details from data originator 
Comment:                                 
start_time	end_time	 Levo	  Levo_flag	 Levo_unc	 Levo_unc_flag
25.003472 25.500000 987 0.000 123 0.000
25.504167 26.000694 1196 0.000 142 0.000
26.004861 26.501389 1064 0.000 130 0.000
26.505556 27.002083 688 0.000 97 0.000
27.006250 27.502778 809 0.000 108 0.000
27.507639 28.004167 622 0.000 91 0.000
28.008333 28.504861 766 0.000 104 0.000
28.509028 29.005556 651 0.000 94 0.000
29.009722 29.506250 836 0.000 110 0.000
29.510417 30.007639 581 0.000 88 0.000
30.011806 30.508333 576 0.000 87 0.000
30.512500 31.009028 597 0.000 89 0.000
36.500000 36.996528 406 0.000 72 0.000
37.000694 37.497222 447 0.000 76 0.000
37.501389 37.997917 450 0.000 76 0.000
38.002083 38.498611 521 0.000 82 0.000
38.502778 38.999306 385 0.000 70 0.000
39.004861 39.500694 355 0.000 68 0.000
44.490972 44.987500 307 0.000 63 0.000
44.991667 45.488194 377 0.000 70 0.000
49.471528 49.968056 246 0.000 58 0.000
49.972222 50.468750 306 0.000 63 0.000
50.472917 50.970139 350 0.000 67 0.000
51.962500 52.459028 234 0.000 57 0.000
52.463194 52.959722 281 0.000 61 0.000
52.963889 53.460417 448 0.000 76 0.000
53.464583 53.961806 282 0.000 61 0.000
53.965972 54.462500 285 0.000 62 0.000
54.466667 54.963194 268 0.000 60 0.000
54.967361 55.463889 240 0.000 58 0.000
55.468056 55.964583 378 0.000 70 0.000
55.969444 56.469444 189 0.000 53 0.000
56.977778 57.475000 149 0.000 50 0.000
57.479167 57.975694 156 0.000 50 0.000
57.979861 58.476389 178 0.000 52 0.000
58.480556 58.977083 315 0.000 64 0.000
58.981250 59.477778 420 0.000 73 0.000
59.482639 59.979167 479 0.000 79 0.000
60.881250 61.377778 729 0.000 101 0.000
61.381944 61.879167 504 0.000 81 0.000
61.883333 62.379861 759 0.000 103 0.000
62.384028 62.880556 423 0.000 74 0.000
62.884722 63.381250 669 0.000 95 0.000
63.385417 63.952083 637 0.000 93 0.000
63.956250 64.452778 630 0.000 92 0.000
64.486111 64.982639 235 0.000 57 0.000
64.986806 65.483333 313 0.000 64 0.000
65.487500 65.984028 232 0.000 57 0.000
65.988194 66.485417 232 0.000 57 0.000
66.489583 66.986111 218 0.000 56 0.000
66.990278 67.486806 305 0.000 63 0.000
67.490972 67.987500 269 0.000 60 0.000
67.991667 68.488889 342 0.000 67 0.000
68.493056 68.989583 379 0.000 70 0.000
68.993750 69.490278 354 0.000 68 0.000
69.494444 69.990972 359 0.000 68 0.000
