ebas_test_data/LB0010U.20171222092000.20190101000000.high_vol_sampler.oc_ec_tc.pm25.10w.1d.LB01L_HVS.CY05L_OCEC_Lab_Instrument_Model_5L.lev2.nas
102 1001
Afif, Charbel; Sciare, Jean
LB01L, Saint Joseph University, , Faculty of Sciences, Centre d'Analyses et de Recherche, Emissions Measurements and Modeling of the Atmosphere (EMMA) Laboratory, , Beirut, Lebanon
Afif, Charbel
EMEP COLOSSAL CAMPAIGN
1 1
2017 12 22 2019 01 01
0
Days from the file reference point
13
1 1 1 1 1 1 1 1 1 1 1 1 1
9999.999999 99.999 9.999 99.999 9.999 99.999 9.999 99.999 9.999 999.999 9.999 99.999 9.999
end_time, days from the file reference point 
elemental_carbon, ug C/m3
numflag elemental_carbon, no unit
elemental_carbon, ug C/m3, Statistics=uncertainty
numflag elemental_carbon, no unit, Statistics=uncertainty
organic_carbon, ug C/m3
numflag organic_carbon, no unit
organic_carbon, ug C/m3, Statistics=uncertainty
numflag organic_carbon, no unit, Statistics=uncertainty
total_carbon, ug C/m3
numflag total_carbon, no unit
total_carbon, ug C/m3, Statistics=uncertainty
numflag total_carbon, no unit, Statistics=uncertainty
0																															
75																															
Data definition:	EBAS_1.1
Set type code:	TI
Timezone:	UTC
File name:	LB0010U.20171222092000.20190101000000.high_vol_sampler.oc_ec_tc.pm25.10w.1d.LB01L_HVS.CY05L_OCEC_Lab_Instrument_Model_5L.lev2.nas
Startdate:	20171222092000
Revision date:	20190101000000
Version:	1
Version description:	initial revision manually inspected
Data level:	2
Period code:	10w
Resolution code:	1d
Sample duration:	1d
Orig. time res.:	1d
Station code:	LB0010U
Platform code:	LB0010S
Station name:	Mansourieh
Station WDCA-ID:	           	
Station GAW-ID:	
Station AIRS-ID:
Station other IDs:	
Station state/province:	
Station land use:	Residential
Station setting:	Urban Background
Station GAW type:	
Station WMO region:	
Station latitude:	33.86611111
Station longitude:	35.56333333
Station altitude:	240m
Measurement height:	4m
Component:	oc_ec_tc
Unit:	ug C/m3
Matrix:	pm25
Laboratory code:	LB01L
Instrument type:	high_vol_sampler
Instrument manufacturer:	MCV
Instrument model:	CAV-A/Mb
Instrument name:	HVS
Instrument serial number:	A0480649
Analytical laboratory code:	CY05L
Analytical measurement technique: 	thermal-optical_analysis
Analytical instrument manufacturer: 	Sunset Laboratory
Analytical instrument model:	Carbon Aerosol Analyzer
Analytical instrument name:	OCEC_Lab_Instrument_Model_5L
Analytical instrument serial number:
Method ref:	
Standard method: TEMP=EUSAAR_2
Charring correction:	By laser transmission
Inlet type:	
Inlet description:	
Flow rate:	30 m3/hour
Filter face velocity:	47 cm/s
Exposed filter area:	147.41 cm2
Humidity/temperature control:	
Humidity/temperature control description:	
Medium:	Quartz
Filter description:	Filter Fioroni
Filter prefiring:	773.15 K, 8h
Filter conditioning:	
Sample preparation:	None
Blank correction:	
Artifact correction:	None
Artifact correction description: 	
Detection limit:	0.2 ug C/m3  (OC), 0.1 (EC)
Detection limit expl.:	Determined by taking 3 times standard deviation of ensemble of field blanks
Zero/negative values code:	
Zero/negative values:	
QA1 measure ID:                          	
QA1 date:	
QA1 document URL:     	
Originator:	Afif, Charbel, charbel.afif@usj.edu.lb, Saint Joseph University, , Faculty of Sciences, Centre d'Analyses et de Recherche, Emissions Measurements and Modeling of the Atmosphere (EMMA) Laboratory, , Beirut, Lebanon
Originator:	Sciare, Jean, j.sciare@cyi.ac.cy, The Cyprus Institute,, Cyprus Atmospheric Observatory, 20 Kavafi street, 2121 Aglantzia,, Nicosia, Cyprus
Submitter:	Afif, Charbel, c.afif@cyi.ac.cy, The Cyprus Institute,, Cyprus Atmospheric Observatory, 20 Kavafi street, 2121 Aglantzia,, Nicosia, Cyprus
Acknowledgement:	Request acknowledgement details from data originator
Comment:               
start_time	end_time	EC	EC_flag	EC_unc	EC_unc_flag	OC  OC_flag	OC_unc	OC_unc_flag	TC TC_flag	TC_unc	TC_unc_flag
0.388889	1.388889	2.870	0.000	0.160	0.000	7.330	0.000	0.387	0.000	10.200	0.000	0.550	0.000
4.351389	5.351389	1.400	0.000	0.090	0.000	4.930	0.000	0.267	0.000	6.330	0.000	0.360	0.000
5.359028	6.359028	1.230	0.000	0.080	0.000	5.530	0.000	0.297	0.000	6.760	0.000	0.380	0.000
6.363889	7.363889	1.580	0.000	0.100	0.000	5.290	0.000	0.285	0.000	6.870	0.000	0.380	0.000
18.215278	19.215278	0.930	0.000	0.070	0.000	5.080	0.000	0.275	0.000	6.010	0.000	0.340	0.000
19.222222	20.222222	0.700	0.000	0.060	0.000	5.620	0.000	0.302	0.000	6.320	0.000	0.360	0.000
20.225694	21.225694	2.210	0.000	0.130	0.000	8.250	0.000	0.433	0.000	10.460	0.000	0.560	0.000
21.236111	22.236111	2.080	0.000	0.160	0.000	6.670	0.000	0.389	0.000	8.760	0.000	0.550	0.000
29.302778	30.302778	0.620	0.000	0.050	0.000	3.500	0.000	0.196	0.000	4.120	0.000	0.250	0.000
30.313889	31.313889	0.630	0.000	0.050	0.000	4.700	0.000	0.256	0.000	5.340	0.000	0.310	0.000
38.203472	39.203472	1.380	0.000	0.090	0.000	4.310	0.000	0.236	0.000	5.680	0.000	0.330	0.000
39.218750	40.218750	0.790	0.000	0.060	0.000	4.470	0.000	0.244	0.000	5.250	0.000	0.300	0.000
40.219444	41.219444	0.690	0.000	0.050	0.000	4.520	0.000	0.247	0.000	5.210	0.000	0.300	0.000
41.241667	42.222222	0.970	0.000	0.070	0.000	6.560	0.000	0.349	0.000	7.530	0.000	0.420	0.000
42.224306	43.208333	2.080	0.000	0.130	0.000	7.610	0.000	0.402	0.000	9.700	0.000	0.530	0.000
43.209722	44.194444	1.410	0.000	0.090	0.000	6.770	0.000	0.359	0.000	8.170	0.000	0.450	0.000
44.195833	45.195833	2.960	0.000	0.170	0.000	9.280	0.000	0.484	0.000	12.240	0.000	0.650	0.000
45.213194	46.213194	3.530	0.000	0.200	0.000	7.000	0.000	0.371	0.000	10.540	0.000	0.570	0.000
46.215278	47.211806	2.960	0.000	0.170	0.000	7.650	0.000	0.403	0.000	10.620	0.000	0.570	0.000
47.213889	48.213889	1.840	0.000	0.110	0.000	8.650	0.000	0.453	0.000	10.480	0.000	0.570	0.000
48.220833	49.220833	4.080	0.000	0.220	0.000	9.580	0.000	0.500	0.000	13.660	0.000	0.720	0.000
49.222222	50.222222	2.560	0.000	0.150	0.000	8.840	0.000	0.462	0.000	11.400	0.000	0.610	0.000
50.222222	51.222222	2.660	0.000	0.150	0.000	6.360	0.000	0.338	0.000	9.020	0.000	0.490	0.000
51.223611	52.223611	1.260	0.000	0.080	0.000	4.020	0.000	0.221	0.000	5.270	0.000	0.300	0.000
54.240278	55.240278	2.120	0.000	0.130	0.000	3.890	0.000	0.215	0.000	6.020	0.000	0.340	0.000
55.317361	56.317361	1.690	0.000	0.110	0.000	7.490	0.000	0.395	0.000	9.190	0.000	0.500	0.000
59.223611	60.223611	0.540	0.000	0.050	0.000	3.330	0.000	0.187	0.000	3.870	0.000	0.230	0.000
60.225694	61.225694	0.630	0.000	0.050	0.000	5.930	0.000	0.317	0.000	6.560	0.000	0.370	0.000
61.226389	62.226389	0.660	0.000	0.050	0.000	4.720	0.000	0.257	0.000	5.390	0.000	0.310	0.000
62.230556	63.230556	0.810	0.000	0.060	0.000	3.420	0.000	0.192	0.000	4.230	0.000	0.250	0.000
63.231944	64.231944	0.950	0.000	0.070	0.000	5.790	0.000	0.310	0.000	6.740	0.000	0.380	0.000
64.233333	65.233333	0.570	0.000	0.050	0.000	4.160	0.000	0.229	0.000	4.740	0.000	0.280	0.000
68.230556	69.230556	0.580	0.000	0.050	0.000	3.630	0.000	0.202	0.000	4.210	0.000	0.250	0.000
