ebas_test_data/NO0002R.20180103070000.20220314111339.low_vol_sampler.organic_carbon.pm10.11w.1w.NO01L_kfg_no02_pm10.NO01L_NILU_sunset_002.lev2.nas
117 1001
Yttri, Karl Espen
NO01L, Norwegian Institute for Air Research, NILU, , Instituttveien 18, , 2007, Kjeller, Norway
Yttri, Karl Espen
ACTRIS EMEP GAW-WDCA NILU
1 1
2018 01 01 2022 03 14
7.000000
days from file reference point
23
1 1 1 1 1 1 1 1 1 1 1 1 1 1 1 1 1 1 1 1 1 1 1
99.999999 9.99 9.999999 9.99 9.999999 99.99 9.999 9.99 9.999 9.99 9.999 9.99 9.999 9.99 9.999 9.99 9.999 9.99 9.999 99.99 9.999 9.99 9.999
end_time of measurement, days from the file reference point
elemental_carbon, ug C/m3, Detection limit=0.007 ug C/m3
numflag elemental_carbon, no unit, Detection limit=0.007 ug C/m3
elemental_carbon, ug C/m3, Statistics=uncertainty
numflag elemental_carbon, no unit, Statistics=uncertainty
organic_carbon, ug C/m3, Detection limit=0.007 ug C/m3
numflag organic_carbon, no unit, Detection limit=0.007 ug C/m3
organic_carbon, ug C/m3, Statistics=uncertainty
numflag organic_carbon, no unit, Statistics=uncertainty
organic_carbon, ug C/m3, Fraction=OC1
numflag organic_carbon, no unit, Fraction=OC1
organic_carbon, ug C/m3, Fraction=OC2
numflag organic_carbon, no unit, Fraction=OC2
organic_carbon, ug C/m3, Fraction=OC3
numflag organic_carbon, no unit, Fraction=OC3
organic_carbon, ug C/m3, Fraction=OC4
numflag organic_carbon, no unit, Fraction=OC4
organic_carbon, ug C/m3, Fraction=OCPyr
numflag organic_carbon, no unit, Fraction=OCPyr
total_carbon, ug C/m3, Detection limit=0.007 ug C/m3
numflag total_carbon, no unit, Detection limit=0.007 ug C/m3
total_carbon, ug C/m3, Statistics=uncertainty
numflag total_carbon, no unit, Statistics=uncertainty
0
80
Data definition:              EBAS_1.1
Set type code:                TU
Timezone:                     UTC
File name:                    NO0002R.20180103070000.20220314111339.low_vol_sampler.organic_carbon.pm10.11w.1w.NO01L_kfg_no02_pm10.NO01L_NILU_sunset_002.lev2.nas
File creation:                20220415181847821971
Export state:                 20220415181838357000
Export filter:                exclude-900,exclude-invalid
Startdate:                    20180103070000
Revision date:                20220314111339
Version:                      1
Version description:          initial revision. manually inspected
Statistics:                   arithmetic mean
Data level:                   2
Period code:                  11w
Resolution code:              1w
Sample duration:              1w
Orig. time res.:              1w
Station code:                 NO0002R
Platform code:                NO0002S
Station name:                 Birkenes II
Station WDCA-ID:              GAWANO__BIR
Station GAW-ID:               BIR
Station GAW-Name:             Birkenes Atmospheric Observatory
Station other IDs:            BIR (ICOS), Birkenes (AERONET)
Station land use:             Forest
Station setting:              Rural
Station GAW type:             R
Station WMO region:           6
Station latitude:             58.38853
Station longitude:            8.252
Station altitude:             219.0 m
Measurement latitude:         58.2318
Measurement longitude:        8.1507
Measurement altitude:         219.0 m
Measurement height:           4.0 m
Regime:                       IMG
Component:                    organic_carbon
Unit:                         ug C/m3
Matrix:                       pm10
Laboratory code:              NO01L
Instrument type:              low_vol_sampler
Instrument name:              kfg_no02_pm10
Instrument manufacturer:      Leckel
Instrument model:             LVS3
Analytical laboratory code:   NO01L
Analytical measurement technique: thermal-optical_analysis
Analytical instrument name:   NILU_sunset_002
Analytical instrument manufacturer: Sunset Laboratory
Analytical instrument model:  OCEC Lab Instrument Model 5
Method ref:                   NO01L_NILU_sunset_002
Standard method:              SOP=EMEP_manual_v2014, TEMP=EUSAAR_2
Inlet type:                   Impactor--direct
Inlet description:            Upward facing with rain shield
Flow rate:                    38.0 l/min
Filter face velocity:         47.0 cm/s
Exposed filter area:          13.4 cm2
Filter description:           Whatman QM-A47mm
Medium:                       Quartz
Filter prefiring:             1123.15 K, 3.0 h
Filter conditioning:          293.15 K, 50.0 %RH, 48.0 h
Sample preparation:           None
Blank correction:             Not blank corrected
Artifact correction:          None
Artifact correction description: 20±5%; Positive sampling artefact of OC; QBQ; Annual; Yttri et al. 2007; www.atmos-chem-phys.net/7/5711/2007/
Charring correction:          By laser transmission
Humidity/temperature control: None
Humidity/temperature control description: filter kept at ambient conditions together with sampling head
Volume std. temperature:      ambient
Volume std. pressure:         ambient
Detection limit expl.:        Equals the analytical detection limit provided by the manufacturer
Measurement uncertainty expl.: Measurement uncertainty includes quantifiable uncertainty
Zero/negative values code:    Zero possible
QA1 measure ID:               ECAC-OCEC-2018-1
QA1 date:                     20180301
QA1 document name:            "Results of the inter-laboratory comparison exercise for TC and EC measurements (ref.: OCEC-2018-1)"
QA1 document URL:             "http://www.actris-ecac.eu/files/ECAC-report-OCEC-2018-1.pdf"
Originator:                   Yttri, Karl Espen, key@nilu.no, Norwegian Institute for Air Research, NILU, Atmosphere and Climate Department, Instituttveien 18, , 2007, Kjeller, Norway
Submitter:                    Yttri, Karl Espen, key@nilu.no, Norwegian Institute for Air Research, NILU, Atmosphere and Climate Department, Instituttveien 18, , 2007, Kjeller, Norway
Acknowledgement:              Request acknowledgement details from data originator
starttime endtime EC flag_EC EC flag_EC OC flag_OC OC flag_OC OC flag_OC OC flag_OC OC flag_OC OC flag_OC OC flag_OC TC flag_TC TC flag_TC
 2.291667  9.291667 0.01 0.470781 0.01 0.781470  0.05 0.470 0.03 0.470 9.99 0.471 9.99 0.471 9.99 0.471 9.99 0.471 9.99 0.471  0.05 0.470 0.03 0.470
 9.291667 16.291667 0.08 0.470000 0.01 0.470000  0.88 0.000 0.09 0.000 0.02 0.000 0.22 0.000 0.17 0.000 0.12 0.000 0.35 0.000  0.96 0.000 0.10 0.000
16.291667 23.291667 0.06 0.000000 0.01 0.000000  0.47 0.000 0.05 0.000 0.01 0.000 0.11 0.000 9.99 0.471 0.11 0.000 0.13 0.000  0.53 0.000 0.06 0.000
23.291667 30.291667 0.02 0.470000 0.00 0.470000  0.24 0.000 0.04 0.000 0.00 0.147 0.06 0.000 0.08 0.000 0.07 0.000 0.03 0.000  0.26 0.000 0.04 0.000
30.291667 37.291667 0.08 0.000000 0.01 0.000000  0.47 0.000 0.05 0.000 9.99 0.471 9.99 0.471 0.10 0.000 0.10 0.000 9.99 0.471  0.55 0.000 0.06 0.000
37.291667 44.291667 0.10 0.000000 0.01 0.000000  1.06 0.000 0.10 0.000 0.03 0.000 0.26 0.000 0.15 0.000 0.14 0.000 0.47 0.000  1.16 0.000 0.11 0.000
44.291667 51.291667 0.11 0.000000 0.01 0.000000  0.67 0.000 0.07 0.000 9.99 0.471 0.19 0.000 0.13 0.000 0.11 0.000 9.99 0.471  0.79 0.000 0.08 0.000
51.291667 58.291667 0.08 0.000000 0.01 0.000000  0.55 0.000 0.06 0.000 9.99 0.471 9.99 0.471 0.10 0.000 0.12 0.000 9.99 0.471  0.63 0.000 0.07 0.000
58.291667 65.291667 0.10 0.000000 0.01 0.000000  0.93 0.000 0.09 0.000 0.06 0.000 0.25 0.000 0.09 0.000 0.12 0.000 0.41 0.000  1.04 0.000 0.10 0.000
65.291667 72.291667 0.23 0.000000 0.02 0.000000  1.56 0.000 0.15 0.000 0.10 0.000 0.41 0.000 0.14 0.000 0.17 0.000 0.74 0.000  1.79 0.000 0.17 0.000
72.291667 79.291667 0.05 0.470000 0.01 0.470000  0.48 0.000 0.05 0.000 0.04 0.000 9.99 0.471 0.12 0.000 0.09 0.000 9.99 0.471  0.53 0.000 0.06 0.000
