ebas_test_data/NO0042G.20171109070000.20220406124026.high_vol_sampler..pm10.4mo.1w.NO01L_hvs_week_no42_pm10.NO01L_NILU_sunset_002.lev2.nas
120 1001
Yttri, Karl Espen
NO01L, Norwegian Institute for Air Research, NILU, , Instituttveien 18, , 2007, Kjeller, Norway
Yttri, Karl Espen
ACTRIS EMEP GAW-WDCA
1 1
2017 01 01 2022 04 06
0
days from file reference point
29
1 1 1 1 1 1 1 1 1 1 1 1 1 1 1 1 1 1 1 1 1 1 1 1 1 1 1 1 1
999.999999 9.999 9.999 9.999 9.999 9.999 9.999 9.999 9.999 99.999 9.999 9.999 9.999 9.999 9.999 9.999 9.999 9.999 9.999 9.999 9.999 9.999 9.999 9.999 9.999 9.999 9.999 9.999 9.999
end_time of measurement, days from the file reference point
elemental_carbon, ug C/m3, Statistics=arithmetic mean
numflag elemental_carbon, no unit, Statistics=arithmetic mean
elemental_carbon, ug C/m3, Statistics=detection limit
numflag elemental_carbon, no unit, Statistics=detection limit
galactosan, ng/m3, Version description=initial revision. manually inspected, Statistics=arithmetic mean, Analytical laboratory code=, Analytical measurement technique=, Analytical instrument name=, Analytical instrument manufacturer=, Analytical instrument model=, Method ref=NO01L_UHPLC_50249, Standard method=, Charring correction=, Detection limit expl.=Signal to Noise 3:1 for actual analyte, QA1 measure ID=, QA1 date=, QA1 document name=, QA1 document URL=, "Comment=The analytical method has been intercompared with respect to levoglucosan (Atmos. Meas. Tech., 8, 125-147, https://doi.org/10.5194/amt-8-125-2015)"
numflag galactosan, no unit, Version description=initial revision. manually inspected, Statistics=arithmetic mean, Analytical laboratory code=, Analytical measurement technique=, Analytical instrument name=, Analytical instrument manufacturer=, Analytical instrument model=, Method ref=NO01L_UHPLC_50249, Standard method=, Charring correction=, Detection limit expl.=Signal to Noise 3:1 for actual analyte, QA1 measure ID=, QA1 date=, QA1 document name=, QA1 document URL=, "Comment=The analytical method has been intercompared with respect to levoglucosan (Atmos. Meas. Tech., 8, 125-147, https://doi.org/10.5194/amt-8-125-2015)"
galactosan, ng/m3, Version description=initial revision. manually inspected, Statistics=detection limit, Analytical laboratory code=, Analytical measurement technique=, Analytical instrument name=, Analytical instrument manufacturer=, Analytical instrument model=, Method ref=NO01L_UHPLC_50249, Standard method=, Charring correction=, Detection limit expl.=Signal to Noise 3:1 for actual analyte, QA1 measure ID=, QA1 date=, QA1 document name=, QA1 document URL=, "Comment=The analytical method has been intercompared with respect to levoglucosan (Atmos. Meas. Tech., 8, 125-147, https://doi.org/10.5194/amt-8-125-2015)"
numflag galactosan, no unit, Version description=initial revision. manually inspected, Statistics=detection limit, Analytical laboratory code=, Analytical measurement technique=, Analytical instrument name=, Analytical instrument manufacturer=, Analytical instrument model=, Method ref=NO01L_UHPLC_50249, Standard method=, Charring correction=, Detection limit expl.=Signal to Noise 3:1 for actual analyte, QA1 measure ID=, QA1 date=, QA1 document name=, QA1 document URL=, "Comment=The analytical method has been intercompared with respect to levoglucosan (Atmos. Meas. Tech., 8, 125-147, https://doi.org/10.5194/amt-8-125-2015)"
levoglucosan, ng/m3, Version description=initial revision. manually inspected, Statistics=arithmetic mean, Analytical laboratory code=, Analytical measurement technique=, Analytical instrument name=, Analytical instrument manufacturer=, Analytical instrument model=, Method ref=NO01L_UHPLC_50249, Standard method=, Charring correction=, Detection limit expl.=Signal to Noise 3:1 for actual analyte, QA1 measure ID=, QA1 date=, QA1 document name=, QA1 document URL=, "Comment=The analytical method has been intercompared with respect to levoglucosan (Atmos. Meas. Tech., 8, 125-147, https://doi.org/10.5194/amt-8-125-2015)"
numflag levoglucosan, no unit, Version description=initial revision. manually inspected, Statistics=arithmetic mean, Analytical laboratory code=, Analytical measurement technique=, Analytical instrument name=, Analytical instrument manufacturer=, Analytical instrument model=, Method ref=NO01L_UHPLC_50249, Standard method=, Charring correction=, Detection limit expl.=Signal to Noise 3:1 for actual analyte, QA1 measure ID=, QA1 date=, QA1 document name=, QA1 document URL=, "Comment=The analytical method has been intercompared with respect to levoglucosan (Atmos. Meas. Tech., 8, 125-147, https://doi.org/10.5194/amt-8-125-2015)"
levoglucosan, ng/m3, Version description=initial revision. manually inspected, Statistics=detection limit, Analytical laboratory code=, Analytical measurement technique=, Analytical instrument name=, Analytical instrument manufacturer=, Analytical instrument model=, Method ref=NO01L_UHPLC_50249, Standard method=, Charring correction=, Detection limit expl.=Signal to Noise 3:1 for actual analyte, QA1 measure ID=, QA1 date=, QA1 document name=, QA1 document URL=, "Comment=The analytical method has been intercompared with respect to levoglucosan (Atmos. Meas. Tech., 8, 125-147, https://doi.org/10.5194/amt-8-125-2015)"
numflag levoglucosan, no unit, Version description=initial revision. manually inspected, Statistics=detection limit, Analytical laboratory code=, Analytical measurement technique=, Analytical instrument name=, Analytical instrument manufacturer=, Analytical instrument model=, Method ref=NO01L_UHPLC_50249, Standard method=, Charring correction=, Detection limit expl.=Signal to Noise 3:1 for actual analyte, QA1 measure ID=, QA1 date=, QA1 document name=, QA1 document URL=, "Comment=The analytical method has been intercompared with respect to levoglucosan (Atmos. Meas. Tech., 8, 125-147, https://doi.org/10.5194/amt-8-125-2015)"
mannosan, ng/m3, Version description=initial revision. manually inspected, Statistics=arithmetic mean, Analytical laboratory code=, Analytical measurement technique=, Analytical instrument name=, Analytical instrument manufacturer=, Analytical instrument model=, Method ref=NO01L_UHPLC_50249, Standard method=, Charring correction=, Detection limit expl.=Signal to Noise 3:1 for actual analyte, QA1 measure ID=, QA1 date=, QA1 document name=, QA1 document URL=, "Comment=The analytical method has been intercompared with respect to levoglucosan (Atmos. Meas. Tech., 8, 125-147, https://doi.org/10.5194/amt-8-125-2015)"
numflag mannosan, no unit, Version description=initial revision. manually inspected, Statistics=arithmetic mean, Analytical laboratory code=, Analytical measurement technique=, Analytical instrument name=, Analytical instrument manufacturer=, Analytical instrument model=, Method ref=NO01L_UHPLC_50249, Standard method=, Charring correction=, Detection limit expl.=Signal to Noise 3:1 for actual analyte, QA1 measure ID=, QA1 date=, QA1 document name=, QA1 document URL=, "Comment=The analytical method has been intercompared with respect to levoglucosan (Atmos. Meas. Tech., 8, 125-147, https://doi.org/10.5194/amt-8-125-2015)"
mannosan, ng/m3, Version description=initial revision. manually inspected, Statistics=detection limit, Analytical laboratory code=, Analytical measurement technique=, Analytical instrument name=, Analytical instrument manufacturer=, Analytical instrument model=, Method ref=NO01L_UHPLC_50249, Standard method=, Charring correction=, Detection limit expl.=Signal to Noise 3:1 for actual analyte, QA1 measure ID=, QA1 date=, QA1 document name=, QA1 document URL=, "Comment=The analytical method has been intercompared with respect to levoglucosan (Atmos. Meas. Tech., 8, 125-147, https://doi.org/10.5194/amt-8-125-2015)"
numflag mannosan, no unit, Version description=initial revision. manually inspected, Statistics=detection limit, Analytical laboratory code=, Analytical measurement technique=, Analytical instrument name=, Analytical instrument manufacturer=, Analytical instrument model=, Method ref=NO01L_UHPLC_50249, Standard method=, Charring correction=, Detection limit expl.=Signal to Noise 3:1 for actual analyte, QA1 measure ID=, QA1 date=, QA1 document name=, QA1 document URL=, "Comment=The analytical method has been intercompared with respect to levoglucosan (Atmos. Meas. Tech., 8, 125-147, https://doi.org/10.5194/amt-8-125-2015)"
organic_carbon, ug C/m3, Statistics=arithmetic mean
numflag organic_carbon, no unit, Statistics=arithmetic mean
organic_carbon, ug C/m3, Statistics=detection limit
numflag organic_carbon, no unit, Statistics=detection limit
organic_carbon, ug C/m3, Artifact=positive, Statistics=arithmetic mean
numflag organic_carbon, no unit, Artifact=positive, Statistics=arithmetic mean
organic_carbon, ug C/m3, Artifact=positive, Statistics=detection limit
numflag organic_carbon, no unit, Artifact=positive, Statistics=detection limit
total_carbon, ug C/m3, Statistics=arithmetic mean
numflag total_carbon, no unit, Statistics=arithmetic mean
total_carbon, ug C/m3, Statistics=detection limit
numflag total_carbon, no unit, Statistics=detection limit
0
77
Data definition:              EBAS_1.1
Set type code:                TI
Timezone:                     UTC
File name:                    NO0042G.20171109070000.20220406124026.high_vol_sampler..pm10.4mo.1w.NO01L_hvs_week_no42_pm10.NO01L_NILU_sunset_002.lev2.nas
File creation:                20220419200855208843
Export state:                 20220419200853860000
Export filter:                exclude-900,exclude-invalid
Startdate:                    20171109070000
Revision date:                20220406124026
Version:                      1
Version description:          initial revision, manually inspected
Data level:                   2
Period code:                  4mo
Resolution code:              1w
Sample duration:              1w
Orig. time res.:              1w
Station code:                 NO0042G
Platform code:                NO0042S
Station name:                 Zeppelin mountain (Ny-Ålesund)
Station WDCA-ID:              GAWANO__ZEP
Station GAW-ID:               ZEP
Station GAW-Name:             Zeppelin Mountain (Ny Ålesund)
Station land use:             Gravel and stone
Station setting:              Polar
Station GAW type:             G
Station WMO region:           6
Station latitude:             78.90715
Station longitude:            11.88668
Station altitude:             474.0 m
Measurement latitude:         78.90715
Measurement longitude:        11.88668
Measurement altitude:         224.0 m
Measurement height:           4.0 m
Regime:                       IMG
Component:                    
Unit:                         ug C/m3
Matrix:                       pm10
Laboratory code:              NO01L
Instrument type:              high_vol_sampler
Instrument name:              hvs_week_no42_pm10
Instrument manufacturer:      DIGITEL
Instrument model:             DHA-80
Analytical laboratory code:   NO01L
Analytical measurement technique: thermal-optical_analysis
Analytical instrument name:   NILU_sunset_002
Analytical instrument manufacturer: Sunset Laboratory
Analytical instrument model:  OCEC Lab Instrument Model 5
Method ref:                   NO01L_NILU_sunset_002
Standard method:              SOP=EMEP_manual_v2014, TEMP=EUSAAR_2
Inlet type:                   Impactor--direct
Inlet description:            Upward facing with rain shield
Flow rate:                    500.0 l/min
Filter face velocity:         54.16 cm/s
Exposed filter area:          153.86 cm2
Filter description:           Pallflex Tissuequartz 2500 quat-up 150 mm
Medium:                       Quartz
Filter prefiring:             1123.15 K, 3.0 h
Filter conditioning:          None
Sample preparation:           None
Blank correction:             Not blank corrected
Artifact correction:          Positive only
Artifact correction description: The positive sampling artifact of OC was estimated by placing a quartz fiber filter (Backup filter) downstream of a quartz fiber front filter (Front filter); i.e. the QBQ approach.
Charring correction:          By laser transmission
Humidity/temperature control: None
Volume std. temperature:      ambient
Volume std. pressure:         ambient
Detection limit expl.:        Equals the analytical detection limit provided by the manufacturer
Zero/negative values code:    Zero possible
Zero/negative values:         0 < values < LOD flagged with 147, values = 0 or negative flagged with 781
QA1 measure ID:               ECAC-OCEC-2017-1
QA1 date:                     20170301
QA1 document name:            "Results of the inter-laboratory comparison exercise for TC and EC measurements (ref.: OCEC-2017-1)"
QA1 document URL:             "http://www.actris-ecac.eu/files/ECAC-report-OCEC-2017-1.pdf"
Originator:                   Yttri, Karl Espen, key@nilu.no, Norwegian Institute for Air Research, NILU, Atmosphere and Climate Department, Instituttveien 18, , 2007, Kjeller, Norway
Submitter:                    Yttri, Karl Espen, key@nilu.no, Norwegian Institute for Air Research, NILU, Atmosphere and Climate Department, Instituttveien 18, , 2007, Kjeller, Norway
Acknowledgement:              Request acknowledgement details from data originator
starttime endtime EC flag_EC EC flag_EC galactosan flag_galactosan galactosan flag_galactosan C6H10O5 flag_C6H10O5 C6H10O5 flag_C6H10O5 mannosan flag_mannosan mannosan flag_mannosan OC flag_OC OC flag_OC OC flag_OC OC flag_OC TC flag_TC TC flag_TC
312.291667 320.291667 0.009 0.000 0.004 0.000 0.094 0.000 0.003 0.000  2.721 0.000 0.008 0.000 0.104 0.000 0.005 0.000 0.210 0.000 0.004 0.000 0.027 0.000 0.004 0.000 0.219 0.000 0.004 0.000
320.291667 330.291667 0.004 0.000 0.002 0.000 0.011 0.000 0.001 0.000  0.374 0.000 0.002 0.000 0.028 0.000 0.001 0.000 0.078 0.000 0.002 0.000 0.011 0.000 0.002 0.000 0.081 0.000 0.002 0.000
330.291667 337.291667 0.001 0.147 0.008 0.147 0.008 0.000 0.001 0.000  0.197 0.000 0.002 0.000 0.023 0.000 0.001 0.000 0.098 0.000 0.008 0.000 0.024 0.000 0.008 0.000 0.098 0.000 0.008 0.000
338.291667 346.291667 0.008 0.000 0.004 0.000 0.022 0.000 0.001 0.000  0.665 0.000 0.002 0.000 0.091 0.000 0.002 0.000 0.060 0.000 0.004 0.000 0.022 0.000 0.004 0.000 0.068 0.000 0.004 0.000
346.291667 354.291667 0.016 0.000 0.004 0.000 0.038 0.000 0.001 0.000  0.913 0.000 0.003 0.000 0.116 0.000 0.002 0.000 0.062 0.000 0.004 0.000 0.038 0.000 0.004 0.000 0.079 0.000 0.004 0.000
354.291667 362.291667 0.002 0.000 0.002 0.000 0.015 0.000 0.001 0.000  0.350 0.000 0.003 0.000 0.050 0.000 0.002 0.000 0.045 0.000 0.002 0.000 0.034 0.000 0.002 0.000 0.055 0.000 0.002 0.000
362.291667 372.291667 0.009 0.000 0.003 0.000 0.031 0.000 0.001 0.000  0.652 0.000 0.002 0.000 0.088 0.000 0.001 0.000 0.093 0.000 0.003 0.000 0.026 0.000 0.003 0.000 0.102 0.000 0.003 0.000
387.291667 395.291667 0.016 0.000 0.004 0.000 0.043 0.000 0.001 0.000  1.331 0.000 0.003 0.000 0.117 0.000 0.002 0.000 0.157 0.000 0.004 0.000 0.032 0.000 0.004 0.000 0.174 0.000 0.004 0.000
407.291667 415.291667 0.006 0.000 0.004 0.000 0.015 0.000 0.001 0.000  0.485 0.000 0.002 0.000 0.042 0.000 0.001 0.000 0.063 0.000 0.004 0.000 0.033 0.000 0.004 0.000 0.069 0.000 0.004 0.000
415.291667 422.291667 9.999 0.999 9.999 0.999 0.009 0.000 0.001 0.000  0.139 0.000 0.002 0.000 0.016 0.000 0.001 0.000 9.999 0.999 9.999 0.999 9.999 0.999 9.999 0.999 9.999 0.999 9.999 0.999
428.291667 436.291667 0.006 0.000 0.004 0.000 0.009 0.000 0.001 0.000  0.127 0.000 0.002 0.000 0.018 0.000 0.001 0.000 0.074 0.000 0.004 0.000 0.043 0.000 0.004 0.000 0.080 0.000 0.004 0.000
436.291667 443.291667 0.008 0.000 0.006 0.000 0.009 0.000 0.001 0.000  0.260 0.000 0.002 0.000 0.017 0.000 0.001 0.000 0.088 0.000 0.006 0.000 0.050 0.000 0.006 0.000 0.095 0.000 0.006 0.000
