ebas_test_data/PL0005R.20171115000000.20211110095545.high_vol_sampler..pm25.47d.1d.PL02L_HVPM25.PL22L_p05_therm-opt.lev2.nas
92 1001
Mathews, Barbara; Degorska, Anna
PL02L, Institute of Environmental Protection - National Research Institute, IEP-NRI, , Kolektorska 4, , 01-692, Warsaw, Poland
Degorska, Anna
EMEP
1 1
2017 01 01 2021 11 10
1
days from file reference point
8
1 1 1 1 1 1 1 1
999 99.99 9.99 999.99 99.99 999.99 99.99 9.999
end_time of measurement, days from the file reference point
elemental_carbon, ug C/m3, Statistics=arithmetic mean, Detection limit=0.03 ug C/m3, QA1 bias=18.0 %, QA1 variability=14.0 %
elemental_carbon, ug C/m3, Statistics=uncertainty
organic_carbon, ug C/m3, Statistics=arithmetic mean, Detection limit=0.29 ug C/m3, QA1 bias=-1.0 %, QA1 variability=4.0 %
organic_carbon, ug C/m3, Statistics=uncertainty
total_carbon, ug C/m3, Statistics=arithmetic mean, Detection limit=0.29 ug C/m3, QA1 bias=1.0 %, QA1 variability=3.0 %
total_carbon, ug C/m3, Statistics=uncertainty
numflag, no unit
0
70
Data definition:              EBAS_1.1
Set type code:                TU
Timezone:                     UTC
File name:                    PL0005R.20171115000000.20211110095545.high_vol_sampler..pm25.47d.1d.PL02L_HVPM25.PL22L_p05_therm-opt.lev2.nas
File creation:                20220221214650885621
Export state:                 20220221214649727000
Export filter:                exclude-900,exclude-invalid
Startdate:                    20171115000000
Revision date:                20211110095545
Version:                      1
Version description:          initial revision, manually inspected
Data level:                   2
Period code:                  47d
Resolution code:              1d
Sample duration:              1d
Orig. time res.:              1d
Station code:                 PL0005R
Platform code:                PL0005S
Station name:                 Diabla Gora
Station latitude:             54.15
Station longitude:            22.066667
Station altitude:             157.0 m
Measurement altitude:         159.0 m
Measurement height:           2.0 m
Regime:                       IMG
Component:                    
Unit:                         ug C/m3
Matrix:                       pm25
Laboratory code:              PL02L
Instrument type:              high_vol_sampler
Instrument name:              HVPM25
Instrument manufacturer:      DIGITEL
Instrument model:             DHA-80
Instrument serial number:     PP-BN-63
Analytical laboratory code:   PL22L
Analytical measurement technique: thermal-optical_analysis
Analytical instrument name:   p05_therm-opt
Analytical instrument manufacturer: Sunset Laboratory
Analytical instrument model:  OCEC Lab Instrument Model 4L
Analytical instrument serial number: 254-54
Method ref:                   PL22L_p05_therm-opt
Standard method:              SOP=EMEP_manual_v2014, TEMP=EUSAAR_2
Inlet type:                   Impactor--direct
Inlet description:            PM2.5 at ambient humidity inlet, delivered with sampler
Flow rate:                    500.0 l/min
Filter face velocity:         54.1 cm/s
Exposed filter area:          154.0 cm2
Filter description:           Whatman QMA 150 mm
Medium:                       Quartz
Filter prefiring:             Not prefired
Filter conditioning:          293.0 K, 50.0 %RH, 48.0 h
Sample preparation:           None
Blank correction:             Blank corrected
Artifact correction:          None
Humidity/temperature control: None
Volume std. temperature:      ambient
Volume std. pressure:         ambient
Detection limit expl.:        Determined by taking 3 times standard deviation of ensemble of laboratory blanks
Zero/negative values code:    Zero/negative possible
Zero/negative values:         Zero/negative values reported as measured if within detection limit, flagged with 780
QA1 measure ID:               ECAC-OCEC-2017-1
QA1 date:                     20170331
QA1 outcome:                  pass
QA1 document name:            "Results of the inter-laboratory comparison exercise for TC and EC measurements (ref.: OCEC-2017-1)"
QA1 document URL:             "http://www.actris-ecac.eu/files/ECAC-report-OCEC-2017-1.pdf"
Originator:                   Mathews, Barbara, basia@ipis.zabrze.pl, Institute of Environmental Engineering of the Polish Academy of Sciences, IPIS, , M Sklodowskiej Curie 34, , 41-819, Zabrze, Poland
Originator:                   Degorska, Anna, , , , , , , , , 
Submitter:                    Degorska, Anna, , , , , , , , , 
Acknowledgement:              Chief Inspectorate of Environmental Protection, Departament of Monitoring and Information on Environment, Wawelska 52/54, 00-922 Warsaw, Poland, sekretariatdm@gios.gov.pl
starttime endtime EC EC OC OC TC TC flag
318 319  0.32 0.12   2.23  0.33   2.55  0.44 0.000
319 320  0.30 0.12   2.53  0.36   2.83  0.47 0.000
320 321  0.94 0.19   7.39  0.93   8.33  1.11 0.000
321 322  0.58 0.15   3.28  0.45   3.86  0.59 0.000
322 323  0.24 0.11   1.70  0.26   1.94  0.36 0.000
323 324 99.99 9.99 999.99 99.99 999.99 99.99 0.669
324 325  0.26 0.11   1.97  0.30   2.23  0.40 0.000
325 326  0.41 0.13   4.35  0.58   4.76  0.70 0.000
326 327  0.75 0.17   5.73  0.74   6.47  0.90 0.668
327 328  1.43 0.24  10.02  1.23  11.45  1.47 0.000
328 329  0.89 0.18   6.97  0.88   7.86  1.06 0.000
329 330  0.23 0.11   1.65  0.26   1.88  0.36 0.000
330 331  0.50 0.14   4.35  0.58   4.85  0.71 0.000
331 332  0.68 0.16   5.57  0.72   6.25  0.87 0.000
332 333  0.80 0.17   7.72  0.97   8.52  1.13 0.000
333 334  0.62 0.15   5.84  0.75   6.46  0.90 0.000
334 335 99.99 9.99 999.99 99.99 999.99 99.99 0.658
335 336  0.27 0.12   2.01  0.30   2.28  0.41 0.000
336 337  0.36 0.13   4.13  0.55   4.48  0.67 0.000
337 338  0.32 0.12   3.08  0.43   3.40  0.54 0.000
338 339  0.22 0.11   1.38  0.23   1.60  0.32 0.000
339 340 99.99 9.99 999.99 99.99 999.99 99.99 0.699
340 341 99.99 9.99 999.99 99.99 999.99 99.99 0.699
341 342  0.65 0.16   3.84  0.52   4.48  0.67 0.000
342 343  0.41 0.13   2.26  0.33   2.67  0.45 0.000
343 344  0.47 0.14   3.15  0.44   3.62  0.57 0.000
344 345  0.75 0.17   4.66  0.61   5.42  0.77 0.000
345 346  0.47 0.14   2.84  0.40   3.31  0.53 0.000
346 347  0.35 0.12   2.13  0.32   2.47  0.43 0.000
347 348  0.62 0.15   5.13  0.67   5.75  0.81 0.000
348 349  0.83 0.18   4.63  0.61   5.46  0.78 0.000
349 350  0.83 0.18   5.75  0.74   6.58  0.91 0.000
350 351  0.50 0.14   3.30  0.45   3.79  0.59 0.000
351 352  0.52 0.14   3.61  0.49   4.13  0.63 0.000
352 353  0.65 0.16   4.99  0.65   5.64  0.80 0.000
353 354  0.54 0.15   1.95  0.29   2.49  0.43 0.000
354 355  0.46 0.14   2.18  0.32   2.64  0.45 0.000
355 356  0.18 0.11   0.77  0.15   0.94  0.24 0.000
356 357 99.99 9.99 999.99 99.99 999.99 99.99 0.699
357 358 99.99 9.99 999.99 99.99 999.99 99.99 0.699
358 359  0.12 0.10   0.72  0.14   0.85  0.22 0.000
359 360  0.58 0.15   4.43  0.58   5.00  0.73 0.000
360 361  1.02 0.20   8.24  1.03   9.27  1.22 0.000
361 362  0.72 0.16   6.19  0.79   6.91  0.95 0.000
362 363  0.53 0.14   4.38  0.58   4.91  0.72 0.000
363 364  0.71 0.16   6.50  0.83   7.21  0.98 0.000
364 365  0.53 0.14   4.73  0.62   5.26  0.76 0.000
