ebas_test_data/PL0010U.20180123000013.20191010150000.high_vol_sampler.oc_ec_tc.pm1.8mo.4d.PL08L_HVS_02.PL08L_TU_sunset_001.lev2.nas
106 1001
Styszko, Katarzyna
PL08L, AGH University Krakow, AGH, Faculty of Physics and Applied Computer Science, al. Mickiewicza 30, ,PL-30059, Krakow, Poland
Styszko, Katarzyna; Skiba, Alicja
EMEP ACTRIS COLOSSAL CAMPAIGN
1 1
2018 01 01 2019 10 10
0
days from file reference point
23
1 1 1 1 1 1 1 1 1 1 1 1 1 1 1 1 1 1 1 1 1 1 1
999.99999 999999.999 9.999999999 9999.999 9.999999999 9999.999 9.999999999 9.99999999 9.999999999 9999.999 9.999999999 9999.999 9.999999999 9999.999 9.999999999 9999.999 9.999999999 9999.999 9.999999999 9999.999 9.999999999 9999.999 9.999999999
end_time of measurement, days from the file reference point
total_carbon, ug C/m3, Detection limit=1.192 ug C/m3
numflag total_carbon, no unit
total_carbon, ug C/m3, Statistics=uncertainty
numflag total_carbon, no unit, Statistics=uncertainty
elemental_carbon, ug C/m3, Detection limit=0.04 ug C/m3
numflag elemental_carbon, no unit
elemental_carbon, ug C/m3, Statistics=uncertainty
numflag elemental_carbon, no unit, Statistics=uncertainty
organic_carbon, ug C/m3, Detection limit=1.192 ug C/m3
numflag organic_carbon, no unit
organic_carbon, ug C/m3, Statistics=uncertainty
numflag organic_carbon, no unit, Statistics=uncertainty
organic_carbon, ug C/m3, Fraction=OC1
numflag organic_carbon, no unit, Fraction=OC1
organic_carbon, ug C/m3, Fraction=OC2
numflag organic_carbon, no unit, Fraction=OC2
organic_carbon, ug C/m3, Fraction=OC3
numflag organic_carbon, no unit, Fraction=OC3
organic_carbon, ug C/m3, Fraction=OC4
numflag organic_carbon, no unit, Fraction=OC4
organic_carbon, ug C/m3, Fraction=OCPyr
numflag organic_carbon, no unit, Fraction=OCPyr
0
69
Data definition:                         EBAS_1.1 
Set type code:                           TI 
Timezone:                                UTC
File name:PL0010U.20180123000013.20191010150000.high_vol_sampler.oc_ec_tc.pm1.8mo.4d.PL08L_HVS_02.PL08L_TU_sunset_001.lev2.nas
Startdate:                               20180123000013
Revision date:                           20191010150000
Version:                                 1 
Version description:                     initial revision, manually inspected 
Data level:                              2
Period code:                             8mo
Resolution code:                         4d
Sample duration:                         1d
Orig. time res.:                         1d 
Station code:                            PL0010U
Platform code:                           PL0010S
Station name:                            AGH University Krakow
Station WDCA-ID:                         
Station GAW-Name:                        
Station GAW-ID:                         
Station AIRS-ID:
Station other IDs:
Station state/province:
Station land use:                        Residential
Station setting:                         Suburban 
Station GAW type:                         
Station WMO region:                      6 
Station latitude:                        50.0356
Station longitude:                       19.5456 
Station altitude:                        232m 
Measurement height:                      2m 
Component:                               oc_ec_tc 
Unit:                                    ug C/m3 
Matrix:                                  pm1
Laboratory code:                         PL08L
[...]
Filter prefiring:                        Not prefired 
Filter conditioning:                     None 
Sample preparation:                      None 
Blank correction:                        Blank corrected
Artifact correction:                     None 
Detection limit expl.:                   Determined by taking 3 times standard deviation of ensemble of field blanks
Measurement uncertainty expl.:           calculated according to provided example (by Jean-Philippe Putaud) 
Zero/negative values code:               Zero/negative possible
Zero/negative values:                    Zero and neg. values may appear due to statistical variations 
Originator:                              Styszko, Katarzyna, styszko@agh.edu.pl, AGH University of Science and Technology, AGH, Faculty of Energy and Fuels, al. Adama Mickiewicza 30, ,30-059, Krakow, Poland 
Submitter:                               Styszko, Katarzyna, styszko@agh.edu.pl, AGH University of Science and Technology, AGH, Faculty of Energy and Fuels, al. Adama Mickiewicza 30, ,30-059, Krakow, Poland          
Submitter:                               Skiba, Alicja, alicja.skiba@fis.agh.edu.pl, AGH University of Science and Technology, AGH, Faculty of Physics and Applied Computer Science, al. Adama Mickiewicza 30, ,30-059, Krakow, Poland          
Acknowledgement:                         Request acknowledgement details from data originator  
start_time	end_time	TC	TC_flag	TC_uncert	TC_uncert_flag	EC	EC_flag	EC_uncert	EC_uncert_flag	OC	OC_flag	OC_uncert	OC_uncert_flag	OC_peak1	OC_peak1_flag	OC_peak2	OC_peak2_flag	OC_peak3	OC_peak3_flag	OC_peak4	OC_peak4_flag	OC_Pyr	OC_Pyr_flag
22.00015	23.00014	14.532	0.000000000	0.168	0.000000000	1.190	0.000000000	0.16582611	0.000000000	13.342	0.000000000	0.168	0.000000000	1.838	0.000000000	2.645	0.000000000	1.331	0.000000000	0.795	0.000000000	7.319	0.000000000
26.00015	27.00014	36.996	0.000000000	0.166	0.000000000	4.647	0.472000000	0.16582610	0.000000000	32.349	0.000000000	0.166	0.000000000	4.199	0.000000000	9.390	0.000000000	3.991	0.000000000	1.458	0.000000000	14.607	0.000000000
27.00015	28.00014	26.418	0.000000000	0.167	0.000000000	2.134	0.000000000	0.16582610	0.000000000	24.284	0.000000000	0.167	0.000000000	3.144	0.000000000	6.361	0.000000000	2.825	0.000000000	1.136	0.000000000	11.473	0.000000000
28.00015	29.00014	8.276	0.000000000	0.173	0.000000000	3.050	0.000000000	0.16582610	0.000000000	5.226	0.000000000	0.182	0.000000000	1.089	0.000000000	1.637	0.000000000	0.836	0.000000000	0.810	0.000000000	1.291	0.000000000
30.00015	31.00014	1.888	0.000000000	0.268	0.000000000	0.400	0.000000000	0.16582618	0.000000000	1.488	0.000000000	0.314	0.000000000	0.344	0.000000000	0.413	0.000000000	0.289	0.000000000	0.394	0.000000000	0.464	0.000000000
31.00015	32.00014	7.580	0.000000000	0.174	0.000000000	1.602	0.000000000	0.16582610	0.000000000	5.978	0.000000000	0.179	0.000000000	1.036	0.000000000	1.473	0.000000000	0.836	0.000000000	0.649	0.000000000	2.500	0.000000000
35.00015	36.00014	10.513	0.000000000	0.170	0.000000000	1.836	0.000000000	0.16582610	0.000000000	8.677	0.000000000	0.172	0.000000000	1.187	0.000000000	1.609	0.000000000	1.209	0.000000000	1.736	0.000000000	3.574	0.000000000
39.00015	40.00014	9.358	0.000000000	0.171	0.000000000	1.378	0.000000000	0.16582611	0.000000000	7.980	0.000000000	0.173	0.000000000	1.145	0.000000000	1.773	0.000000000	1.051	0.000000000	0.678	0.000000000	3.831	0.000000000
43.00015	44.00014	16.677	0.000000000	0.168	0.000000000	2.849	0.000000000	0.16582610	0.000000000	13.828	0.000000000	0.168	0.000000000	2.109	0.000000000	3.891	0.000000000	1.723	0.000000000	0.835	0.000000000	6.032	0.000000000
44.00015	45.00014	16.940	0.000000000	0.167	0.000000000	5.943	0.472000000	0.16582610	0.000000000	10.997	0.000000000	0.170	0.000000000	2.103	0.000000000	3.865	0.000000000	1.697	0.000000000	0.966	0.000000000	-0.049	0.100000000
47.00015	48.00014	11.418	0.000000000	0.169	0.000000000	2.141	0.000000000	0.16582610	0.000000000	9.277	0.000000000	0.171	0.000000000	1.386	0.000000000	2.262	0.000000000	1.191	0.000000000	0.669	0.000000000	4.561	0.000000000
48.00015	49.00014	13.682	0.000000000	0.168	0.000000000	2.017	0.000000000	0.16582610	0.000000000	11.665	0.000000000	0.169	0.000000000	1.768	0.000000000	2.848	0.000000000	1.316	0.000000000	0.896	0.000000000	5.553	0.000000000
51.00015	52.00014	8.513	0.000000000	0.172	0.000000000	1.318	0.000000000	0.16582611	0.000000000	7.194	0.000000000	0.175	0.000000000	1.262	0.000000000	1.586	0.000000000	0.928	0.000000000	0.680	0.000000000	3.265	0.000000000
55.00015	56.00014	6.051	0.000000000	0.178	0.000000000	0.781	0.000000000	0.16582612	0.000000000	5.270	0.000000000	0.182	0.000000000	0.908	0.000000000	1.065	0.000000000	0.722	0.000000000	0.574	0.000000000	2.398	0.000000000
59.00015	60.00014	5.888	0.000000000	0.179	0.000000000	0.802	0.000000000	0.16582612	0.000000000	5.085	0.000000000	0.183	0.000000000	0.867	0.000000000	0.964	0.000000000	0.629	0.000000000	0.583	0.000000000	2.439	0.000000000
62.00015	63.00014	12.625	0.000000000	0.169	0.000000000	1.504	0.000000000	0.16582611	0.000000000	11.121	0.000000000	0.170	0.000000000	1.613	0.000000000	2.054	0.000000000	1.333	0.000000000	0.866	0.000000000	5.860	0.000000000
64.00015	65.00014	22.479	0.000000000	0.167	0.000000000	2.258	0.000000000	0.16582610	0.000000000	20.221	0.000000000	0.167	0.000000000	3.058	0.000000000	4.760	0.000000000	2.121	0.000000000	1.063	0.000000000	9.616	0.000000000
68.00015	69.00014	14.500	0.000000000	0.168	0.000000000	1.981	0.000000000	0.16582610	0.000000000	12.519	0.000000000	0.169	0.000000000	1.729	0.000000000	3.248	0.000000000	1.559	0.000000000	0.799	0.000000000	5.581	0.000000000
72.00015	73.00014	4.451	0.000000000	0.188	0.000000000	1.061	0.000000000	0.16582611	0.000000000	3.390	0.000000000	0.203	0.000000000	0.556	0.000000000	0.866	0.000000000	0.557	0.000000000	0.553	0.000000000	1.255	0.000000000
76.00015	77.00014	4.303	0.000000000	0.190	0.000000000	0.895	0.000000000	0.16582612	0.000000000	3.408	0.000000000	0.203	0.000000000	0.539	0.000000000	0.736	0.000000000	0.512	0.000000000	0.529	0.000000000	1.489	0.000000000
80.00015	81.00014	7.322	0.000000000	0.174	0.000000000	0.938	0.000000000	0.16582611	0.000000000	6.384	0.000000000	0.177	0.000000000	1.048	0.000000000	1.260	0.000000000	0.812	0.000000000	0.722	0.000000000	2.940	0.000000000
83.00015	84.00014	15.479	0.000000000	0.168	0.000000000	2.682	0.000000000	0.16582610	0.000000000	12.797	0.000000000	0.169	0.000000000	1.867	0.000000000	3.507	0.000000000	1.644	0.000000000	0.938	0.000000000	5.239	0.000000000
84.00015	85.00014	11.328	0.000000000	0.169	0.000000000	1.908	0.000000000	0.16582610	0.000000000	9.420	0.000000000	0.171	0.000000000	1.476	0.000000000	2.085	0.000000000	1.162	0.000000000	0.697	0.000000000	4.397	0.000000000
88.00015	89.00014	4.756	0.000000000	0.186	0.000000000	1.068	0.000000000	0.16582611	0.000000000	3.688	0.000000000	0.198	0.000000000	0.673	0.000000000	0.803	0.000000000	0.544	0.000000000	0.577	0.000000000	1.488	0.000000000
92.00015	93.00014	2.909	0.000000000	0.215	0.000000000	0.469	0.000000000	0.16582616	0.000000000	2.441	0.000000000	0.232	0.000000000	0.432	0.000000000	0.535	0.000000000	0.361	0.000000000	0.447	0.000000000	1.062	0.000000000
96.00015	97.00014	4.819	0.000000000	0.185	0.000000000	1.161	0.000000000	0.16582611	0.000000000	3.658	0.000000000	0.198	0.000000000	0.576	0.000000000	1.001	0.000000000	0.680	0.000000000	0.548	0.000000000	1.250	0.000000000
100.00015	101.00014	3.766	0.000000000	0.197	0.000000000	0.821	0.000000000	0.16582612	0.000000000	2.945	0.000000000	0.214	0.000000000	0.507	0.000000000	0.780	0.000000000	0.500	0.000000000	0.498	0.000000000	1.057	0.000000000
104.00015	105.00014	6.256	0.000000000	0.178	0.000000000	1.631	0.000000000	0.16582610	0.000000000	4.625	0.000000000	0.187	0.000000000	0.619	0.000000000	1.200	0.000000000	0.926	0.000000000	0.613	0.000000000	1.664	0.000000000
108.00015	109.00014	2.699	0.000000000	0.222	0.000000000	0.498	0.000000000	0.16582615	0.000000000	2.200	0.000000000	0.245	0.000000000	0.372	0.000000000	0.690	0.000000000	0.377	0.000000000	0.420	0.000000000	0.739	0.000000000
112.00015	113.00014	4.216	0.000000000	0.191	0.000000000	0.819	0.000000000	0.16582612	0.000000000	3.397	0.000000000	0.203	0.000000000	0.610	0.000000000	1.057	0.000000000	0.715	0.000000000	0.575	0.000000000	0.836	0.000000000
116.00015	117.00014	3.197	0.000000000	0.207	0.000000000	0.729	0.000000000	0.16582612	0.000000000	2.467	0.000000000	0.231	0.000000000	0.503	0.000000000	0.796	0.000000000	0.483	0.000000000	0.446	0.000000000	0.638	0.000000000
120.00015	121.00014	4.783	0.000000000	0.185	0.000000000	1.076	0.000000000	0.16582611	0.000000000	3.706	0.000000000	0.197	0.000000000	0.466	0.000000000	1.054	0.000000000	0.674	0.000000000	0.567	0.000000000	1.342	0.000000000
121.00015	122.00014	2.974	0.000000000	0.213	0.000000000	0.614	0.000000000	0.16582614	0.000000000	2.360	0.000000000	0.236	0.000000000	0.326	0.000000000	0.735	0.000000000	0.410	0.000000000	0.429	0.000000000	0.857	0.000000000
124.00015	125.00014	3.751	0.000000000	0.197	0.000000000	0.568	0.000000000	0.16582614	0.000000000	3.183	0.000000000	0.208	0.000000000	0.492	0.000000000	0.955	0.000000000	0.625	0.000000000	0.549	0.000000000	0.959	0.000000000
128.00015	129.00014	2.641	0.000000000	0.224	0.000000000	0.691	0.000000000	0.16582613	0.000000000	1.950	0.000000000	0.263	0.000000000	0.359	0.000000000	0.575	0.000000000	0.536	0.000000000	0.470	0.000000000	0.406	0.000000000
132.00015	133.00014	3.167	0.000000000	0.208	0.000000000	0.764	0.000000000	0.16582612	0.000000000	2.403	0.000000000	0.234	0.000000000	0.413	0.000000000	0.722	0.000000000	0.495	0.000000000	0.495	0.000000000	0.676	0.000000000
136.00015	137.00014	3.016	0.000000000	0.212	0.000000000	0.799	0.000000000	0.16582612	0.000000000	2.217	0.000000000	0.244	0.000000000	0.334	0.000000000	0.661	0.000000000	0.521	0.000000000	0.463	0.000000000	0.635	0.000000000
138.00015	139.00014	1.334	0.000000000	0.341	0.000000000	0.350	0.000000000	0.16582621	0.000000000	0.984	0.147000000	0.437	0.000000000	0.163	0.000000000	0.355	0.000000000	0.268	0.000000000	0.314	0.000000000	0.281	0.000000000
140.00015	141.00014	2.542	0.000000000	0.228	0.000000000	0.361	0.000000000	0.16582620	0.000000000	2.181	0.000000000	0.246	0.000000000	0.317	0.000000000	0.680	0.000000000	0.473	0.000000000	0.453	0.000000000	0.656	0.000000000
144.00015	145.00014	3.120	0.000000000	0.209	0.000000000	1.346	0.000000000	0.16582611	0.000000000	1.774	0.000000000	0.279	0.000000000	0.366	0.000000000	0.750	0.000000000	0.470	0.000000000	0.469	0.000000000	0.117	0.000000000
148.00015	149.00014	3.554	0.000000000	0.200	0.000000000	0.524	0.000000000	0.16582615	0.000000000	3.030	0.000000000	0.211	0.000000000	0.497	0.000000000	0.937	0.000000000	0.591	0.000000000	0.517	0.000000000	0.885	0.000000000
152.00015	153.00014	4.095	0.000000000	0.192	0.000000000	0.683	0.000000000	0.16582613	0.000000000	3.411	0.000000000	0.203	0.000000000	0.546	0.000000000	1.007	0.000000000	0.580	0.000000000	0.524	0.000000000	1.151	0.000000000
156.00015	157.00014	2.912	0.000000000	0.215	0.000000000	0.520	0.000000000	0.16582615	0.000000000	2.393	0.000000000	0.235	0.000000000	0.440	0.000000000	0.808	0.000000000	0.408	0.000000000	0.403	0.000000000	0.731	0.000000000
158.00015	159.00014	1.477	0.000000000	0.316	0.000000000	0.254	0.000000000	0.16582631	0.000000000	1.222	0.000000000	0.365	0.000000000	0.248	0.000000000	0.401	0.000000000	0.339	0.000000000	0.353	0.000000000	0.279	0.000000000
160.00015	161.00014	3.156	0.000000000	0.208	0.000000000	0.553	0.000000000	0.16582614	0.000000000	2.603	0.000000000	0.225	0.000000000	0.329	0.000000000	0.747	0.000000000	0.591	0.000000000	0.610	0.000000000	1.275	0.000000000
164.00015	165.00014	2.943	0.000000000	0.214	0.000000000	0.859	0.000000000	0.16582612	0.000000000	2.084	0.000000000	0.253	0.000000000	0.356	0.000000000	0.712	0.000000000	0.495	0.000000000	0.445	0.000000000	0.472	0.000000000
168.00015	169.00014	3.010	0.000000000	0.212	0.000000000	0.492	0.000000000	0.16582616	0.000000000	2.518	0.000000000	0.229	0.000000000	0.444	0.000000000	0.758	0.000000000	0.584	0.000000000	0.513	0.000000000	0.616	0.000000000
172.00015	173.00014	5.021	0.000000000	0.184	0.000000000	0.844	0.000000000	0.16582612	0.000000000	4.177	0.000000000	0.191	0.000000000	0.523	0.000000000	1.234	0.000000000	0.699	0.000000000	0.613	0.000000000	1.505	0.000000000
176.00015	177.00014	1.292	0.000000000	0.349	0.000000000	0.292	0.000000000	0.16582626	0.000000000	1.000	0.147000000	0.430	0.000000000	0.187	0.000000000	0.345	0.000000000	0.231	0.000000000	0.300	0.000000000	0.335	0.000000000
180.00015	181.00014	4.195	0.000000000	0.191	0.000000000	0.969	0.000000000	0.16582611	0.000000000	3.226	0.000000000	0.207	0.000000000	0.570	0.000000000	1.010	0.000000000	0.684	0.000000000	0.541	0.000000000	0.819	0.000000000
184.00015	185.00014	2.723	0.000000000	0.221	0.000000000	0.647	0.000000000	0.16582613	0.000000000	2.076	0.000000000	0.253	0.000000000	0.295	0.000000000	0.636	0.000000000	0.503	0.000000000	0.427	0.000000000	0.613	0.000000000
188.00015	189.00014	2.977	0.000000000	0.213	0.000000000	0.396	0.000000000	0.16582619	0.000000000	2.580	0.000000000	0.226	0.000000000	0.457	0.000000000	0.788	0.000000000	0.437	0.000000000	0.425	0.000000000	0.871	0.000000000
191.00015	192.00014	4.258	0.000000000	0.190	0.000000000	0.942	0.000000000	0.16582611	0.000000000	3.315	0.000000000	0.205	0.000000000	0.486	0.000000000	1.006	0.000000000	0.641	0.000000000	0.555	0.000000000	1.024	0.000000000
196.00015	197.00014	2.397	0.000000000	0.234	0.000000000	0.279	0.000000000	0.16582627	0.000000000	2.118	0.000000000	0.250	0.000000000	0.323	0.000000000	0.681	0.000000000	0.463	0.000000000	0.430	0.000000000	0.618	0.000000000
200.00015	201.00014	1.506	0.000000000	0.312	0.000000000	0.414	0.000000000	0.16582618	0.000000000	1.092	0.147000000	0.400	0.000000000	0.168	0.000000000	0.425	0.000000000	0.319	0.000000000	0.327	0.000000000	0.250	0.000000000
204.00015	205.00014	5.411	0.000000000	0.181	0.000000000	0.792	0.000000000	0.16582612	0.000000000	4.619	0.000000000	0.187	0.000000000	0.690	0.000000000	1.310	0.000000000	0.690	0.000000000	0.565	0.000000000	1.760	0.000000000
208.00015	209.00014	3.420	0.000000000	0.202	0.000000000	0.985	0.000000000	0.16582611	0.000000000	2.435	0.000000000	0.233	0.000000000	0.339	0.000000000	0.807	0.000000000	0.558	0.000000000	0.497	0.000000000	0.630	0.000000000
212.00015	213.00014	3.290	0.000000000	0.205	0.000000000	0.979	0.000000000	0.16582611	0.000000000	2.310	0.000000000	0.239	0.000000000	0.335	0.000000000	0.756	0.000000000	0.510	0.000000000	0.496	0.000000000	0.611	0.000000000
216.00015	217.00014	4.047	0.000000000	0.193	0.000000000	1.118	0.000000000	0.16582611	0.000000000	2.929	0.000000000	0.214	0.000000000	0.395	0.000000000	0.961	0.000000000	0.544	0.000000000	0.505	0.000000000	0.921	0.000000000
220.00015	221.00014	3.460	0.000000000	0.202	0.000000000	0.840	0.000000000	0.16582612	0.000000000	2.621	0.000000000	0.225	0.000000000	0.351	0.000000000	0.788	0.000000000	0.568	0.000000000	0.557	0.000000000	0.755	0.000000000
224.00015	225.00014	2.389	0.000000000	0.235	0.000000000	0.407	0.000000000	0.16582618	0.000000000	1.982	0.000000000	0.260	0.000000000	0.277	0.000000000	0.574	0.000000000	0.465	0.000000000	0.451	0.000000000	0.612	0.000000000
228.00015	229.00014	2.395	0.000000000	0.235	0.000000000	0.418	0.000000000	0.16582618	0.000000000	1.978	0.000000000	0.260	0.000000000	0.229	0.000000000	0.647	0.000000000	0.409	0.000000000	0.431	0.000000000	0.660	0.000000000
232.00015	233.00014	5.947	0.000000000	0.179	0.000000000	1.100	0.000000000	0.16582611	0.000000000	4.846	0.000000000	0.185	0.000000000	0.482	0.000000000	1.291	0.000000000	0.730	0.000000000	0.694	0.000000000	2.047	0.000000000
236.00015	237.00014	4.987	0.000000000	0.184	0.000000000	1.163	0.000000000	0.16582611	0.000000000	3.825	0.000000000	0.196	0.000000000	0.440	0.000000000	1.141	0.000000000	0.837	0.000000000	0.576	0.000000000	1.227	0.000000000
240.00015	241.00014	2.487	0.000000000	0.230	0.000000000	0.724	0.000000000	0.16582612	0.000000000	1.763	0.000000000	0.280	0.000000000	0.245	0.000000000	0.520	0.000000000	0.401	0.000000000	0.449	0.000000000	0.546	0.000000000
244.00015	245.00014	3.008	0.000000000	0.212	0.000000000	0.641	0.000000000	0.16582613	0.000000000	2.366	0.000000000	0.236	0.000000000	0.275	0.000000000	0.656	0.000000000	0.454	0.000000000	0.515	0.000000000	0.863	0.000000000
248.00015	249.00014	3.983	0.000000000	0.194	0.000000000	0.855	0.000000000	0.16582612	0.000000000	3.128	0.000000000	0.209	0.000000000	0.445	0.000000000	0.955	0.000000000	0.608	0.000000000	0.527	0.000000000	0.991	0.000000000
252.00015	253.00014	5.751	0.000000000	0.180	0.000000000	0.945	0.000000000	0.16582611	0.000000000	4.807	0.000000000	0.185	0.000000000	0.620	0.000000000	1.325	0.000000000	0.796	0.000000000	0.621	0.000000000	1.841	0.000000000
256.00015	257.00014	6.309	0.000000000	0.177	0.000000000	1.905	0.000000000	0.16582610	0.000000000	4.404	0.000000000	0.189	0.000000000	0.710	0.000000000	1.369	0.000000000	0.965	0.000000000	0.692	0.000000000	1.065	0.000000000
