ebas_test_data/PL0010U.20180123000013.20191010150000.high_vol_sampler.oc_ec_tc_levo.pm10.8mo.4d.PL08L_HVS_01.PL08L_TU_sunset_001.lev2.nas
108 1001
Styszko, Katarzyna
PL08L, AGH University Krakow, AGH, Faculty of Physics and Applied Computer Science, al. Mickiewicza 30, ,PL-30059, Krakow, Poland
Styszko, Katarzyna; Skiba, Alicja
EMEP ACTRIS COLOSSAL CAMPAIGN
1 1
2018 01 01 2019 10 10
0
days from file reference point
25
1 1 1 1 1 1 1 1 1 1 1 1 1 1 1 1 1 1 1 1 1 1 1 1 1
999.99999 999999.999 9.999999999 9999.999 9.999999999 9999.999 9.999999999 9999.999 9.999999999 9999.999 9.999999999 9999.999 9.999999999 9999.999 9.999999999 9999.999 9.999999999 9999.999 9.999999999 9999.999 9.999999999 9999.999 9.999999999 9999 9.999999999
end_time of measurement, days from the file reference point
total_carbon, ug C/m3, Detection limit=0.615 ug C/m3
numflag total_carbon, no unit
total_carbon, ug C/m3, Statistics=uncertainty
numflag total_carbon, no unit, Statistics=uncertainty
elemental_carbon, ug C/m3, Detection limit=0.088 ug C/m3
numflag elemental_carbon, no unit
elemental_carbon, ug C/m3, Statistics=uncertainty
numflag elemental_carbon, no unit, Statistics=uncertainty
organic_carbon, ug C/m3, Detection limit=0.539 ug C/m3
numflag organic_carbon, no unit
organic_carbon, ug C/m3, Statistics=uncertainty
numflag organic_carbon, no unit, Statistics=uncertainty
organic_carbon, ug C/m3, Fraction=OC1
numflag organic_carbon, no unit, Fraction=OC1
organic_carbon, ug C/m3, Fraction=OC2
numflag organic_carbon, no unit, Fraction=OC2
organic_carbon, ug C/m3, Fraction=OC3
numflag organic_carbon, no unit, Fraction=OC3
organic_carbon, ug C/m3, Fraction=OC4
numflag organic_carbon, no unit, Fraction=OC4
organic_carbon, ug C/m3, Fraction=OCPyr
numflag organic_carbon, no unit, Fraction=OCPyr
levoglucosan, ng/m3, Detection limit=12 ng/m3, Analytical measurement technique=IC, Analytical instrument manufacturer=Thermo Scientific, Analytical instrument model=ICS-3000, Analytical instrument serial number=8070220, Analytical instrument name=IC
numflag levoglucosan, no unit
0
69
Data definition:                         EBAS_1.1 
Set type code:                           TI 
Timezone:                                UTC
File name:PL0010U.20180123000013.20191010150000.high_vol_sampler.oc_ec_tc.pm10.8mo.4d.PL08L_HVS_01.PL08L_TU_sunset_001.lev2.nas
Startdate:                               20180123000013
Revision date:                           20191010150000
Version:                                 1 
Version description:                     initial revision, manually inspected 
Data level:                              2
Period code:                             8mo
Resolution code:                         4d
Sample duration:                         1d
Orig. time res.:                         1d 
Station code:                            PL0010U
Platform code:                           PL0010S
Station name:                            AGH University Krakow
Station WDCA-ID:                         
Station GAW-Name:                        
Station GAW-ID:                         
Station AIRS-ID:
Station other IDs:
Station state/province:
Station land use:                        Residential
Station setting:                         Suburban 
Station GAW type:                         
Station WMO region:                      6 
Station latitude:                        50.0356
Station longitude:                       19.5456 
[...]
Filter conditioning:                     None 
Sample preparation:                      None 
Blank correction:                        Blank corrected
Artifact correction:                     None 
Detection limit expl.:                   Determined by taking 3 times standard deviation of ensemble of field blanks
Measurement uncertainty expl.:           calculated according to provided example (by Jean-Philippe Putaud) 
Zero/negative values code:               Zero/negative impossible
Zero/negative values:                    zero/negative impossible due to high detected concentrations 
Originator:                              Styszko, Katarzyna, styszko@agh.edu.pl, AGH University of Science and Technology, AGH, Faculty of Energy and Fuels, al. Adama Mickiewicza 30, ,30-059, Krakow, Poland 
Submitter:                               Styszko, Katarzyna, styszko@agh.edu.pl, AGH University of Science and Technology, AGH, Faculty of Energy and Fuels, al. Adama Mickiewicza 30, ,30-059, Krakow, Poland          
Submitter:                               Skiba, Alicja, alicja.skiba@fis.agh.edu.pl, AGH University of Science and Technology, AGH, Faculty of Physics and Applied Computer Science, al. Adama Mickiewicza 30, ,30-059, Krakow, Poland          
Acknowledgement:                         Request acknowledgement details from data originator  
start_time	end_time	TC	TC_flag	TC_uncert	TC_uncert_flag	EC	EC_flag	EC_uncert	EC_uncert_flag	OC	OC_flag	OC_uncert	OC_uncert_flag	OC_peak1	OC_peak1_flag	OC_peak2	OC_peak2_flag	OC_peak3	OC_peak3_flag	OC_peak4	OC_peak4_flag	OC_Pyr	OC_Pyr_flag	C6H10O5	C6H10O5_flag
22.00015	23.00014	13.142	0.000000000	0.167	0.000000000	3.374	0.000000000	0.166	0.000000000	9.764	0.000000000	0.167	0.000000000	1.600	0.000000000	2.173	0.000000000	1.222	0.000000000	0.789	0.000000000	4.491	0.000000000	363	0.000000000
26.00015	27.00014	40.167	0.000000000	0.166	0.000000000	6.003	0.472000000	0.166	0.000000000	34.160	0.000000000	0.166	0.000000000	4.533	0.000000000	10.312	0.000000000	4.405	0.000000000	1.702	0.000000000	14.820	0.000000000	1563	0.000000000
27.00015	28.00014	31.681	0.000000000	0.166	0.000000000	1.834	0.000000000	0.167	0.000000000	29.843	0.000000000	0.166	0.000000000	3.618	0.000000000	7.733	0.000000000	3.391	0.000000000	1.281	0.000000000	14.121	0.000000000	990	0.000000000
28.00015	29.00014	11.115	0.000000000	0.167	0.000000000	1.488	0.000000000	0.167	0.000000000	9.623	0.000000000	0.167	0.000000000	1.351	0.000000000	2.183	0.000000000	1.235	0.000000000	1.569	0.000000000	3.465	0.000000000	345	0.000000000
30.00015	31.00014	10.548	0.000000000	0.167	0.000000000	2.119	0.000000000	0.166	0.000000000	8.425	0.000000000	0.167	0.000000000	0.879	0.000000000	1.652	0.000000000	2.336	0.000000000	2.883	0.000000000	0.907	0.000000000	37	0.000000000
31.00015	32.00014	7.589	0.000000000	0.168	0.000000000	1.828	0.000000000	0.167	0.000000000	5.757	0.000000000	0.169	0.000000000	0.952	0.000000000	1.452	0.000000000	0.859	0.000000000	0.760	0.000000000	2.118	0.000000000	181	0.000000000
35.00015	36.00014	11.434	0.000000000	0.167	0.000000000	1.377	0.000000000	0.167	0.000000000	10.053	0.000000000	0.167	0.000000000	1.372	0.000000000	2.001	0.000000000	1.189	0.000000000	0.740	0.000000000	4.993	0.000000000	327	0.000000000
39.00015	40.00014	11.289	0.000000000	0.167	0.000000000	1.173	0.000000000	0.168	0.000000000	10.112	0.000000000	0.167	0.000000000	1.378	0.000000000	2.003	0.000000000	1.123	0.000000000	0.711	0.000000000	5.204	0.000000000	378	0.000000000
43.00015	44.00014	18.147	0.000000000	0.166	0.000000000	2.658	0.000000000	0.166	0.000000000	15.486	0.000000000	0.166	0.000000000	2.325	0.000000000	4.064	0.000000000	1.860	0.000000000	0.830	0.000000000	7.101	0.000000000	590	0.000000000
44.00015	45.00014	29.692	0.000000000	0.166	0.000000000	5.311	0.472000000	0.166	0.000000000	24.376	0.000000000	0.166	0.000000000	2.785	0.000000000	6.917	0.000000000	3.474	0.000000000	4.627	0.000000000	7.968	0.000000000	627	0.000000000
47.00015	48.00014	13.332	0.000000000	0.167	0.000000000	1.705	0.000000000	0.167	0.000000000	11.623	0.000000000	0.167	0.000000000	1.632	0.000000000	2.462	0.000000000	1.233	0.000000000	0.767	0.000000000	5.831	0.000000000	347	0.000000000
48.00015	49.00014	15.920	0.000000000	0.166	0.000000000	3.127	0.000000000	0.166	0.000000000	12.789	0.000000000	0.166	0.000000000	2.011	0.000000000	3.313	0.000000000	1.797	0.000000000	1.154	0.000000000	5.427	0.000000000	494	0.000000000
51.00015	52.00014	8.827	0.000000000	0.167	0.000000000	1.699	0.000000000	0.167	0.000000000	7.124	0.000000000	0.168	0.000000000	1.226	0.000000000	1.661	0.000000000	1.135	0.000000000	0.757	0.000000000	3.248	0.000000000	266	0.000000000
55.00015	56.00014	6.407	0.000000000	0.169	0.000000000	0.999	0.000000000	0.168	0.000000000	5.404	0.000000000	0.169	0.000000000	0.954	0.000000000	1.071	0.000000000	0.723	0.000000000	0.586	0.000000000	2.251	0.000000000	155	0.000000000
59.00015	60.00014	5.227	0.000000000	0.170	0.000000000	0.946	0.000000000	0.169	0.000000000	4.277	0.000000000	0.171	0.000000000	0.660	0.000000000	0.770	0.000000000	0.616	0.000000000	0.570	0.000000000	1.840	0.000000000	109	0.000000000
62.00015	63.00014	13.042	0.000000000	0.167	0.000000000	1.704	0.000000000	0.167	0.000000000	11.334	0.000000000	0.167	0.000000000	1.588	0.000000000	2.311	0.000000000	1.511	0.000000000	0.999	0.000000000	5.105	0.000000000	336	0.000000000
64.00015	65.00014	26.410	0.000000000	0.166	0.000000000	2.189	0.000000000	0.166	0.000000000	24.217	0.000000000	0.166	0.000000000	3.647	0.000000000	5.953	0.000000000	2.781	0.000000000	1.176	0.000000000	10.839	0.000000000	698	0.000000000
68.00015	69.00014	10.436	0.000000000	0.167	0.000000000	1.847	0.000000000	0.167	0.000000000	8.585	0.000000000	0.167	0.000000000	1.462	0.000000000	2.050	0.000000000	1.195	0.000000000	0.746	0.000000000	3.312	0.000000000	328	0.000000000
72.00015	73.00014	3.604	0.000000000	0.175	0.000000000	0.737	0.000000000	0.171	0.000000000	2.864	0.000000000	0.177	0.000000000	0.408	0.000000000	0.636	0.000000000	0.595	0.000000000	0.540	0.000000000	0.864	0.000000000	101	0.000000000
76.00015	77.00014	5.104	0.000000000	0.171	0.000000000	0.716	0.000000000	0.171	0.000000000	4.384	0.000000000	0.171	0.000000000	0.482	0.000000000	0.832	0.000000000	0.706	0.000000000	0.565	0.000000000	1.978	0.000000000	182	0.000000000
80.00015	81.00014	7.087	0.000000000	0.168	0.000000000	0.879	0.000000000	0.169	0.000000000	6.205	0.000000000	0.168	0.000000000	0.991	0.000000000	1.312	0.000000000	0.848	0.000000000	0.626	0.000000000	2.607	0.000000000	162	0.000000000
83.00015	84.00014	16.250	0.000000000	0.166	0.000000000	2.145	0.000000000	0.166	0.000000000	14.101	0.000000000	0.166	0.000000000	2.027	0.000000000	3.495	0.000000000	1.788	0.000000000	1.032	0.000000000	5.938	0.000000000	399	0.000000000
84.00015	85.00014	12.175	0.000000000	0.167	0.000000000	2.192	0.000000000	0.166	0.000000000	9.979	0.000000000	0.167	0.000000000	1.440	0.000000000	2.290	0.000000000	1.497	0.000000000	0.832	0.000000000	4.099	0.000000000	138	0.000000000
88.00015	89.00014	5.357	0.000000000	0.170	0.000000000	1.023	0.000000000	0.168	0.000000000	4.330	0.000000000	0.171	0.000000000	0.591	0.000000000	0.795	0.000000000	0.799	0.000000000	0.591	0.000000000	1.734	0.000000000	102	0.000000000
92.00015	93.00014	3.500	0.000000000	0.176	0.000000000	0.405	0.000000000	0.181	0.000000000	3.091	0.000000000	0.176	0.000000000	0.473	0.000000000	0.618	0.000000000	0.427	0.000000000	0.471	0.000000000	1.282	0.000000000	146	0.000000000
96.00015	97.00014	4.095	0.000000000	0.173	0.000000000	1.010	0.000000000	0.168	0.000000000	3.081	0.000000000	0.176	0.000000000	0.377	0.000000000	0.743	0.000000000	0.652	0.000000000	0.545	0.000000000	0.942	0.000000000	58	0.000000000
100.00015	101.00014	4.107	0.000000000	0.173	0.000000000	0.748	0.000000000	0.170	0.000000000	3.355	0.000000000	0.174	0.000000000	0.387	0.000000000	0.739	0.000000000	0.733	0.000000000	0.706	0.000000000	0.970	0.000000000	180	0.000000000
104.00015	105.00014	6.562	0.000000000	0.169	0.000000000	1.489	0.000000000	0.167	0.000000000	5.069	0.000000000	0.170	0.000000000	0.468	0.000000000	1.115	0.000000000	1.260	0.000000000	0.827	0.000000000	1.580	0.000000000	55	0.000000000
108.00015	109.00014	2.761	0.000000000	0.182	0.000000000	0.423	0.000000000	0.180	0.000000000	2.333	0.000000000	0.183	0.000000000	0.361	0.000000000	0.500	0.000000000	0.442	0.000000000	0.477	0.000000000	0.733	0.000000000	210	0.000000000
112.00015	113.00014	7.914	0.000000000	0.168	0.000000000	1.443	0.000000000	0.167	0.000000000	6.468	0.000000000	0.168	0.000000000	0.580	0.000000000	1.510	0.000000000	1.523	0.000000000	0.853	0.000000000	2.182	0.000000000	551	0.000000000
116.00015	117.00014	6.973	0.000000000	0.168	0.000000000	0.994	0.000000000	0.168	0.000000000	5.974	0.000000000	0.169	0.000000000	0.587	0.000000000	1.314	0.000000000	1.405	0.000000000	0.803	0.000000000	2.045	0.000000000	127	0.000000000
120.00015	121.00014	8.827	0.000000000	0.167	0.000000000	1.699	0.000000000	0.167	0.000000000	7.124	0.000000000	0.168	0.000000000	0.593	0.000000000	1.745	0.000000000	1.467	0.000000000	0.976	0.000000000	2.523	0.000000000	296	0.000000000
121.00015	122.00014	6.028	0.000000000	0.169	0.000000000	1.077	0.000000000	0.168	0.000000000	4.947	0.000000000	0.170	0.000000000	0.480	0.000000000	1.122	0.000000000	0.967	0.000000000	1.061	0.000000000	1.497	0.000000000	71	0.000000000
124.00015	125.00014	7.346	0.000000000	0.168	0.000000000	1.023	0.000000000	0.168	0.000000000	6.319	0.000000000	0.168	0.000000000	0.633	0.000000000	1.544	0.000000000	1.460	0.000000000	0.867	0.000000000	1.995	0.000000000	90	0.000000000
128.00015	129.00014	5.251	0.000000000	0.170	0.000000000	1.141	0.000000000	0.168	0.000000000	4.107	0.000000000	0.171	0.000000000	0.466	0.000000000	0.946	0.000000000	1.110	0.000000000	0.755	0.000000000	1.009	0.000000000	51	0.000000000
132.00015	133.00014	6.549	0.000000000	0.169	0.000000000	1.322	0.000000000	0.167	0.000000000	5.223	0.000000000	0.169	0.000000000	0.536	0.000000000	1.208	0.000000000	1.200	0.000000000	0.770	0.000000000	1.688	0.000000000	74	0.000000000
136.00015	137.00014	5.935	0.000000000	0.169	0.000000000	1.709	0.000000000	0.167	0.000000000	4.222	0.000000000	0.171	0.000000000	0.502	0.000000000	1.121	0.000000000	0.978	0.000000000	0.650	0.000000000	1.151	0.000000000	76	0.000000000
138.00015	139.00014	3.330	0.000000000	0.177	0.000000000	0.397	0.000000000	0.182	0.000000000	2.929	0.000000000	0.177	0.000000000	0.324	0.000000000	0.633	0.000000000	0.524	0.000000000	0.627	0.000000000	1.001	0.000000000	84	0.000000000
140.00015	141.00014	5.615	0.000000000	0.170	0.000000000	0.522	0.000000000	0.175	0.000000000	5.088	0.000000000	0.170	0.000000000	0.433	0.000000000	1.238	0.000000000	1.073	0.000000000	0.933	0.000000000	1.590	0.000000000	93	0.000000000
144.00015	145.00014	6.362	0.000000000	0.169	0.000000000	1.193	0.000000000	0.168	0.000000000	5.165	0.000000000	0.169	0.000000000	0.567	0.000000000	1.279	0.000000000	1.049	0.000000000	0.678	0.000000000	1.771	0.000000000	93	0.000000000
148.00015	149.00014	7.626	0.000000000	0.168	0.000000000	1.188	0.000000000	0.168	0.000000000	6.434	0.000000000	0.168	0.000000000	0.734	0.000000000	1.561	0.000000000	1.297	0.000000000	0.996	0.000000000	2.026	0.000000000	87	0.000000000
152.00015	153.00014	7.850	0.000000000	0.168	0.000000000	1.085	0.000000000	0.168	0.000000000	6.761	0.000000000	0.168	0.000000000	0.767	0.000000000	1.651	0.000000000	1.205	0.000000000	0.735	0.000000000	2.583	0.000000000	142	0.000000000
158.00015	159.00014	3.775	0.000000000	0.174	0.000000000	0.497	0.000000000	0.176	0.000000000	3.274	0.000000000	0.175	0.000000000	0.323	0.000000000	0.719	0.000000000	1.027	0.000000000	0.892	0.000000000	0.492	0.000000000	13	0.000000000
160.00015	161.00014	8.274	0.000000000	0.168	0.000000000	1.694	0.000000000	0.167	0.000000000	6.576	0.000000000	0.168	0.000000000	0.476	0.000000000	1.433	0.000000000	1.809	0.000000000	1.556	0.000000000	1.481	0.000000000	56	0.000000000
164.00015	165.00014	6.553	0.000000000	0.169	0.000000000	1.202	0.000000000	0.168	0.000000000	5.347	0.000000000	0.169	0.000000000	0.582	0.000000000	1.395	0.000000000	1.033	0.000000000	0.646	0.000000000	1.870	0.000000000	64	0.000000000
168.00015	169.00014	5.507	0.000000000	0.170	0.000000000	0.827	0.000000000	0.170	0.000000000	4.676	0.000000000	0.170	0.000000000	0.584	0.000000000	1.237	0.000000000	1.047	0.000000000	0.681	0.000000000	1.305	0.000000000	56	0.000000000
172.00015	173.00014	7.833	0.000000000	0.168	0.000000000	1.263	0.000000000	0.167	0.000000000	6.566	0.000000000	0.168	0.000000000	0.543	0.000000000	1.669	0.000000000	1.325	0.000000000	0.762	0.000000000	2.446	0.000000000	95	0.000000000
176.00015	177.00014	2.754	0.000000000	0.182	0.000000000	0.420	0.000000000	0.180	0.000000000	2.330	0.000000000	0.183	0.000000000	0.234	0.000000000	0.486	0.000000000	0.556	0.000000000	0.517	0.000000000	0.717	0.000000000	29	0.000000000
180.00015	181.00014	8.213	0.000000000	0.168	0.000000000	1.374	0.000000000	0.167	0.000000000	6.835	0.000000000	0.168	0.000000000	0.743	0.000000000	1.789	0.000000000	1.760	0.000000000	0.818	0.000000000	1.904	0.000000000	36	0.000000000
184.00015	185.00014	5.100	0.000000000	0.171	0.000000000	1.111	0.000000000	0.168	0.000000000	3.985	0.000000000	0.172	0.000000000	0.334	0.000000000	0.960	0.000000000	0.999	0.000000000	0.720	0.000000000	1.153	0.000000000	116	0.000000000
188.00015	189.00014	5.317	0.000000000	0.170	0.000000000	0.547	0.000000000	0.174	0.000000000	4.766	0.000000000	0.170	0.000000000	0.463	0.000000000	1.170	0.000000000	0.938	0.000000000	0.648	0.000000000	1.728	0.000000000	52	0.000000000
191.00015	192.00014	7.487	0.000000000	0.168	0.000000000	1.432	0.000000000	0.167	0.000000000	6.051	0.000000000	0.168	0.000000000	0.646	0.000000000	1.688	0.000000000	1.488	0.000000000	0.775	0.000000000	1.634	0.000000000	95	0.000000000
196.00015	197.00014	4.923	0.000000000	0.171	0.000000000	0.458	0.000000000	0.178	0.000000000	4.462	0.000000000	0.171	0.000000000	0.373	0.000000000	1.073	0.000000000	1.164	0.000000000	0.631	0.000000000	1.400	0.000000000	41	0.000000000
200.00015	201.00014	3.369	0.000000000	0.177	0.000000000	0.457	0.000000000	0.178	0.000000000	2.908	0.000000000	0.177	0.000000000	0.211	0.000000000	0.676	0.000000000	0.723	0.000000000	0.586	0.000000000	0.893	0.000000000	17	0.000000000
204.00015	205.00014	10.133	0.000000000	0.167	0.000000000	1.297	0.000000000	0.167	0.000000000	8.831	0.000000000	0.167	0.000000000	0.974	0.000000000	2.044	0.000000000	1.724	0.000000000	0.806	0.000000000	3.462	0.000000000	152	0.000000000
208.00015	209.00014	6.530	0.000000000	0.169	0.000000000	1.435	0.000000000	0.167	0.000000000	5.091	0.000000000	0.170	0.000000000	0.479	0.000000000	1.301	0.000000000	1.416	0.000000000	0.873	0.000000000	1.202	0.000000000	93	0.000000000
212.00015	213.00014	6.885	0.000000000	0.168	0.000000000	1.385	0.000000000	0.167	0.000000000	5.496	0.000000000	0.169	0.000000000	0.549	0.000000000	1.402	0.000000000	1.499	0.000000000	0.663	0.000000000	1.563	0.000000000	49	0.000000000
216.00015	217.00014	8.594	0.000000000	0.168	0.000000000	2.718	0.000000000	0.166	0.000000000	5.872	0.000000000	0.169	0.000000000	0.604	0.000000000	1.430	0.000000000	1.300	0.000000000	0.836	0.000000000	1.881	0.000000000	67	0.000000000
220.00015	221.00014	5.856	0.000000000	0.169	0.000000000	1.503	0.000000000	0.167	0.000000000	4.349	0.000000000	0.171	0.000000000	0.412	0.000000000	1.071	0.000000000	1.024	0.000000000	0.749	0.000000000	1.272	0.000000000	71	0.000000000
224.00015	225.00014	5.178	0.000000000	0.170	0.000000000	0.618	0.000000000	0.173	0.000000000	4.556	0.000000000	0.170	0.000000000	0.354	0.000000000	0.986	0.000000000	1.064	0.000000000	0.686	0.000000000	1.646	0.000000000	77	0.000000000
228.00015	229.00014	4.423	0.000000000	0.172	0.000000000	0.601	0.000000000	0.173	0.000000000	3.818	0.000000000	0.172	0.000000000	0.385	0.000000000	0.929	0.000000000	0.757	0.000000000	0.582	0.000000000	1.345	0.000000000	75	0.000000000
232.00015	233.00014	8.987	0.000000000	0.167	0.000000000	1.578	0.000000000	0.167	0.000000000	7.405	0.000000000	0.168	0.000000000	0.620	0.000000000	1.776	0.000000000	1.232	0.000000000	0.801	0.000000000	3.156	0.000000000	233	0.000000000
236.00015	237.00014	10.247	0.000000000	0.167	0.000000000	3.026	0.000000000	0.166	0.000000000	7.216	0.000000000	0.168	0.000000000	0.656	0.000000000	1.916	0.000000000	1.875	0.000000000	1.044	0.000000000	1.905	0.000000000	129	0.000000000
240.00015	241.00014	4.822	0.000000000	0.171	0.000000000	1.358	0.000000000	0.167	0.000000000	3.460	0.000000000	0.174	0.000000000	0.317	0.000000000	0.781	0.000000000	0.912	0.000000000	0.633	0.000000000	0.997	0.000000000	79	0.000000000
244.00015	245.00014	6.121	0.000000000	0.169	0.000000000	0.941	0.000000000	0.169	0.000000000	5.177	0.000000000	0.169	0.000000000	0.390	0.000000000	1.136	0.000000000	1.130	0.000000000	0.812	0.000000000	1.889	0.000000000	95	0.000000000
248.00015	249.00014	6.839	0.000000000	0.169	0.000000000	1.277	0.000000000	0.167	0.000000000	5.558	0.000000000	0.169	0.000000000	0.489	0.000000000	1.387	0.000000000	1.319	0.000000000	0.784	0.000000000	1.759	0.000000000	61	0.000000000
252.00015	253.00014	9.730	0.000000000	0.167	0.000000000	1.301	0.000000000	0.167	0.000000000	8.425	0.000000000	0.167	0.000000000	0.827	0.000000000	1.988	0.000000000	1.701	0.000000000	0.802	0.000000000	3.286	0.000000000	310	0.000000000
256.00015	257.00014	10.226	0.000000000	0.167	0.000000000	2.084	0.000000000	0.166	0.000000000	8.138	0.000000000	0.167	0.000000000	0.752	0.000000000	2.014	0.000000000	2.098	0.000000000	1.176	0.000000000	2.278	0.000000000	180	0.000000000
