ebas_test_data/PL0005R.20180101000000.20211110095545.high_vol_sampler..pm25.74d.1d.PL02L_HVPM25.PL22L_p05_therm-opt.lev2.nas
93 1001
Mathews, Barbara; Degorska, Anna
PL02L, Institute of Environmental Protection - National Research Institute, IEP-NRI, , Kolektorska 4, , 01-692, Warsaw, Poland
Degorska, Anna
EMEP
1 1
2018 01 01 2021 11 10
1
days from file reference point
8
1 1 1 1 1 1 1 1
99 99.99 9.99 999.99 99.99 999.99 99.99 9.999
end_time of measurement, days from the file reference point
elemental_carbon, ug C/m3, Statistics=arithmetic mean, Detection limit=0.03 ug C/m3, QA1 bias=17.1 %, QA1 variability=18.8 %
elemental_carbon, ug C/m3, Statistics=uncertainty
organic_carbon, ug C/m3, Statistics=arithmetic mean, Detection limit=0.29 ug C/m3, QA1 bias=4.5 %, QA1 variability=6.4 %
organic_carbon, ug C/m3, Statistics=uncertainty
total_carbon, ug C/m3, Statistics=arithmetic mean, Detection limit=0.29 ug C/m3, QA1 bias=5.0 %, QA1 variability=5.3 %
total_carbon, ug C/m3, Statistics=uncertainty
numflag, no unit
0
71
Data definition:              EBAS_1.1
Set type code:                TU
Timezone:                     UTC
File name:                    PL0005R.20180101000000.20211110095545.high_vol_sampler..pm25.74d.1d.PL02L_HVPM25.PL22L_p05_therm-opt.lev2.nas
File creation:                20220221214650926877
Export state:                 20220221214649727000
Export filter:                exclude-900,exclude-invalid
Startdate:                    20180101000000
Revision date:                20211110095545
Version:                      1
Version description:          initial revision, manually inspected
Data level:                   2
Period code:                  74d
Resolution code:              1d
Sample duration:              1d
Orig. time res.:              1d
Station code:                 PL0005R
Platform code:                PL0005S
Station name:                 Diabla Gora
Station latitude:             54.15
Station longitude:            22.066667
Station altitude:             157.0 m
Measurement altitude:         159.0 m
Measurement height:           2.0 m
Regime:                       IMG
Component:                    
Unit:                         ug C/m3
Matrix:                       pm25
Laboratory code:              PL02L
Instrument type:              high_vol_sampler
Instrument name:              HVPM25
Instrument manufacturer:      DIGITEL
Instrument model:             DHA-80
Instrument serial number:     PP-BN-63
Analytical laboratory code:   PL22L
Analytical measurement technique: thermal-optical_analysis
Analytical instrument name:   p05_therm-opt
Analytical instrument manufacturer: Sunset Laboratory
Analytical instrument model:  OCEC Lab Instrument Model 4L
Analytical instrument serial number: 254-54
Method ref:                   PL22L_p05_therm-opt
Standard method:              SOP=EMEP_manual_v2014, TEMP=EUSAAR_2
Inlet type:                   Impactor--direct
Inlet description:            PM2.5 at ambient humidity inlet, delivered with sampler
Flow rate:                    500.0 l/min
Filter face velocity:         54.1 cm/s
Exposed filter area:          154.0 cm2
Filter description:           Whatman QMA 150 mm
Medium:                       Quartz
Filter prefiring:             Not prefired
Filter conditioning:          293.0 K, 50.0 %RH, 48.0 h
Sample preparation:           None
Blank correction:             Blank corrected
Artifact correction:          None
Charring correction:          By laser transmission
Humidity/temperature control: None
Volume std. temperature:      ambient
Volume std. pressure:         ambient
Detection limit expl.:        Determined by taking 3 times standard deviation of ensemble of laboratory blanks
Zero/negative values code:    Zero/negative possible
Zero/negative values:         Zero/negative values reported as measured if within detection limit, flagged with 780
QA1 measure ID:               ECAC-OCEC-2018-1
QA1 date:                     20180331
QA1 outcome:                  pass
QA1 document name:            "Results of the inter-laboratory comparison exercise for TC and EC measurements (ref.: OCEC-2018-1)"
QA1 document URL:             "http://www.actris-ecac.eu/files/ECAC-report-OCEC-2018-1.pdf"
Originator:                   Mathews, Barbara, basia@ipis.zabrze.pl, Institute of Environmental Engineering of the Polish Academy of Sciences, IPIS, , M Sklodowskiej Curie 34, , 41-819, Zabrze, Poland
Originator:                   Degorska, Anna, , , , , , , , , 
Submitter:                    Degorska, Anna, , , , , , , , , 
Acknowledgement:              Chief Inspectorate of Environmental Protection, Departament of Monitoring and Information on Environment, Wawelska 52/54, 00-922 Warsaw, Poland, sekretariatdm@gios.gov.pl
starttime endtime EC EC OC OC TC TC flag
 0  1  0.62 0.15   3.67  0.49   4.28  0.64 0.000
 1  2  0.85 0.18   5.95  0.76   6.80  0.94 0.000
 2  3  0.73 0.17   4.51  0.59   5.24  0.75 0.000
 3  4  0.40 0.13   2.14  0.32   2.54  0.44 0.000
 4  5  0.71 0.16   3.18  0.44   3.90  0.60 0.000
 5  6  0.42 0.13   2.38  0.35   2.81  0.47 0.000
 6  7  0.35 0.12   2.08  0.31   2.42  0.42 0.000
 7  8  0.66 0.16   3.68  0.50   4.35  0.65 0.000
 8  9  0.87 0.18   6.02  0.77   6.90  0.95 0.000
 9 10  0.66 0.16   3.41  0.47   4.07  0.62 0.000
10 11  0.53 0.15   3.44  0.47   3.97  0.61 0.000
11 12  0.31 0.12   2.26  0.33   2.57  0.44 0.000
12 13  0.48 0.14   2.87  0.40   3.35  0.54 0.000
13 14  0.28 0.12   2.33  0.34   2.61  0.45 0.000
14 15  0.44 0.14   3.17  0.44   3.61  0.57 0.000
15 16  0.56 0.15   4.24  0.56   4.80  0.70 0.000
16 17  0.62 0.15   5.73  0.74   6.35  0.88 0.000
17 18  0.43 0.13   3.01  0.42   3.45  0.54 0.000
18 19  0.47 0.14   3.34  0.46   3.81  0.59 0.000
19 20  0.68 0.16   5.13  0.67   5.82  0.82 0.000
20 21  0.60 0.15   4.61  0.61   5.21  0.75 0.000
21 22  0.39 0.13   3.85  0.52   4.25  0.64 0.000
22 23  0.58 0.15   5.50  0.71   6.07  0.85 0.000
23 24  1.00 0.20   9.07  1.12  10.07  1.32 0.000
24 25  1.03 0.20   8.40  1.05   9.43  1.24 0.000
25 26  1.53 0.26  12.24  1.49  13.77  1.74 0.000
26 27  1.17 0.22   8.92  1.11  10.09  1.32 0.000
27 28  0.69 0.16   3.49  0.48   4.18  0.63 0.000
28 29  0.25 0.11   1.37  0.22   1.62  0.32 0.000
29 30  0.10 0.10   0.57  0.12   0.67  0.19 0.000
30 31  0.42 0.13   2.20  0.32   2.62  0.45 0.000
31 32  0.64 0.16   4.19  0.56   4.83  0.71 0.000
32 33  0.62 0.15   4.65  0.61   5.28  0.76 0.000
33 34  0.53 0.14   5.20  0.67   5.73  0.81 0.000
34 35  0.26 0.12   1.72  0.27   1.97  0.37 0.000
35 36  0.24 0.11   1.08  0.19   1.31  0.29 0.000
36 37  0.32 0.12   2.06  0.31   2.38  0.42 0.000
37 38  0.94 0.19   6.78  0.86   7.73  1.05 0.000
38 39  0.49 0.14   4.77  0.63   5.26  0.76 0.000
39 40  0.32 0.12   3.01  0.42   3.32  0.53 0.000
40 41  0.26 0.12   2.71  0.38   2.97  0.49 0.000
41 42  0.55 0.15   5.92  0.76   6.47  0.90 0.000
42 43  0.78 0.17   7.72  0.97   8.49  1.13 0.000
43 44  0.83 0.18   8.66  1.08   9.49  1.25 0.000
44 45  0.72 0.17   6.29  0.80   7.01  0.96 0.000
45 46  0.39 0.13   4.18  0.56   4.57  0.68 0.000
46 47  0.97 0.19   8.83  1.10   9.79  1.28 0.000
47 48  0.51 0.14   3.69  0.50   4.20  0.63 0.000
48 49  0.30 0.12   2.81  0.40   3.11  0.51 0.000
49 50  0.50 0.14   3.87  0.52   4.37  0.65 0.000
50 51  0.48 0.14   3.66  0.50   4.14  0.63 0.000
51 52  0.37 0.13   3.02  0.42   3.39  0.54 0.000
52 53  0.41 0.13   3.78  0.51   4.20  0.64 0.000
53 54  0.51 0.14   3.76  0.51   4.27  0.64 0.000
54 55  0.48 0.14   3.24  0.45   3.71  0.58 0.000
55 56  0.58 0.15   4.15  0.55   4.73  0.70 0.000
56 57  0.64 0.16   4.45  0.59   5.09  0.74 0.000
57 58  0.51 0.15   3.97  0.53   4.49  0.67 0.000
58 59  0.48 0.14   2.76  0.39   3.24  0.53 0.000
59 60  0.42 0.13   2.50  0.36   2.92  0.49 0.000
60 61  0.60 0.15   4.27  0.57   4.87  0.71 0.000
61 62  0.69 0.16   6.68  0.85   7.37  1.00 0.000
62 63  0.68 0.16   5.02  0.65   5.70  0.81 0.000
63 64  0.90 0.19   7.04  0.89   7.94  1.07 0.000
64 65  0.89 0.18   7.83  0.98   8.72  1.16 0.000
65 66  0.80 0.17   5.76  0.74   6.56  0.91 0.000
66 67  0.67 0.16   5.96  0.76   6.63  0.91 0.000
67 68  0.63 0.15   5.25  0.68   5.87  0.83 0.000
68 69  0.37 0.13   3.05  0.42   3.42  0.54 0.000
69 70  0.66 0.16   5.85  0.75   6.52  0.90 0.000
70 71  0.68 0.16   6.11  0.78   6.79  0.93 0.000
71 72  0.36 0.12   2.95  0.41   3.32  0.52 0.000
72 73  0.25 0.11   1.57  0.25   1.82  0.35 0.000
73 74  0.17 0.11   1.06  0.18   1.23  0.27 0.000
