ebas_test_data/SE0021R.20180206000000.20190908000000.low_vol_sampler.oc_ec_tc.pm10.7w.3d.SE04L_LU_DRI-2.SE04L_EUSAAR-2.lev2.nas
93 1001																	
Jacobsen,Julia;Nordin,Pontus;Ausmeel,Stina;Kristensson,Adam																	
SE04L,Lund University,,,Department of Physics, P.O. Box 118,22100,Lund,Sweden
Kristensson,Adam;Martinsson,Johan																	
EMEP GAW-WDCA COLOSSAL CAMPAIGN																	
1 1																	
2018 02 06 2019 09 08																	
3																	
days from file reference point																	
17																	
1 1 1 1 1 1 1 1 1 1 1 1 1 1 1 1 1																	
999.999999 99.999 99.999 99.999 99.999 99.999 99.999 99.999 99.999 99.999 99.999 99.999 99.999 99.999 99.999 99.999 9.999
end_time of measurement, days from the file reference point																	
elemental_carbon, ug C/m3																	
elemental_carbon, ug C/m3, Statistics=uncertainty																	
organic_carbon, ug C/m3																	
organic_carbon, ug C/m3, Statistics=uncertainty																	
organic_carbon, ug C/m3, Artifact=negative																	
organic_carbon, ug C/m3, Artifact=negative, Statistics=uncertainty																	
organic_carbon, ug C/m3, Artifact=positive																	
organic_carbon, ug C/m3, Artifact=positive, Statistics=uncertainty																	
organic_carbon, ug C/m3, Fraction=OC1																	
organic_carbon, ug C/m3, Fraction=OC2																	
organic_carbon, ug C/m3, Fraction=OC3																	
organic_carbon, ug C/m3, Fraction=OC4																	
organic_carbon, ug C/m3, Fraction=OCPyr																	
total_carbon, ug C/m3																	
total_carbon, ug C/m3, Statistics=uncertainty																	
numflag, no unit																	
0																	
62																	
Data definition:              EBAS_1.1																	
Set type code:                TU																	
Timezone:                     UTC																	
File name:                    SE0021R.20180206000000.20190908000000.low_vol_sampler.oc_ec_tc.pm10.7w.3d.SE04L_LU_DRI-2.SE04L_EUSAAR-2.lev2.nas	
Startdate:                    20180206000000																	
Revision date:                20190908000000																	
Statistics:                   arithmetic mean																	
Data level:                 2  																	
Period code:                  7w																	
Resolution code:              3d
Sample duration:		3d																	
Station code:                 SE0021R																	
Platform code:                SE0021S																	
Station name:                 Hyltemossa																	
Station latitude:             56.098																	
Station longitude:            13.420																	
Station altitude:             118 m																	
Component:                    oc_ec_tc																	
Unit:                         ug C/m3																	
Matrix:                       pm10																	
Laboratory code:              SE04L																	
Instrument type:              low_vol_sampler																	
Instrument manufacturer:	Leckel															
Instrument model:																	
Instrument name:              LU_DRI-2
Analytical laboratory code:   SE04L
Analytical measurement technique: thermal-optical_analysis
Analytical instrument manufacturer: DRI
Analytical instrument model: DRI-2001
Analytical instrument name: 
Analytical instrument serial number: 
Method ref:                   SE04L_EUSAAR-2
Charring correction:                     By laser transmission 
Standard method:                         SOP=EMEP_manual_v2014, TEMP=EUSAAR_2 
Inlet type:                              Impactor--direct 
Inlet description:                       Upward facing with rain shield 
Flow rate:                               38.0 l/min 
Filter face velocity:                    50.4 cm/s 
Exposed filter area:                     12.6 cm2 
Humidity/temperature control:            None 
Humidity/temperature control description:filter kept at ambient conditions together with sampling head 
Medium:                                  Quartz 
Filter description:                      PallFlex Tissuquartz 47 mm
Filter prefiring:                        
Filter conditioning:                     None 
Sample preparation:                      None 
Blank correction:                        Not blank corrected
Artifact correction:                     None 
Artifact correction description:          
Detection limit expl.:                   Equals the analytical detection limit provided by the manufacturer 
Measurement uncertainty expl.:           Measurement uncertainty includes quantifiable uncertainty
Zero/negative values code:               Zero possible 
Zero/negative values:                     
Originator:			Jacobsen,Julia, , , , , , , , , 
Originator:			Nordin,Pontus, , , , , , , , ,
Originator:			Ausmeel,Stina, , , , , , , , ,
Originator:                    Kristensson,Adam, , , , , , , , ,
Submitter:                     Kristensson,Adam, , , , , , , , ,
Submitter:                    Martinsson, Johan, , , , , , , , ,
Acknowledgement: 		Request acknowledgment details from data originator                                
Comment:			
start_time	end_time	EC	EC	OC	OC	OC	OC	OC	OC	OC	OC	OC	OC	OC	TC	TC	flag
0.000000	2.958333	0.192	0.019	1.190	0.119	0.026	0.002	0.108	0.011	0.154	0.154	0.236	0.555	0.092	1.382	0.138	0.000
3.000000	5.958333	0.390	0.039	3.579	0.358	0.079	0.007	0.159	0.016	0.377	0.339	0.477	0.937	1.448	3.968	0.397	0.000
6.000000	8.958333	0.082	0.008	0.867	0.087	0.019	0.002	0.101	0.010	0.115	0.121	0.353	0.278	0.000	0.949	0.095	0.000
9.000000	11.958333	0.215	0.022	1.996	0.200	0.044	0.004	0.149	0.015	0.189	0.198	0.519	0.677	0.413	2.211	0.221	0.000
12.000000	14.958333	0.203	0.020	1.231	0.123	0.027	0.002	0.168	0.017	0.151	0.177	0.225	0.526	0.153	1.434	0.143	0.000
15.000000	17.958333	0.212	0.021	1.209	0.121	0.027	0.002	0.293	0.029	0.187	0.146	0.238	0.485	0.153	1.421	0.142	0.000
18.000000	20.958333	0.066	0.007	0.452	0.045	0.010	0.001	0.090	0.009	0.074	0.061	0.101	0.174	0.043	0.518	0.052	0.000
21.000000	23.958333	0.115	0.012	0.556	0.056	0.012	0.001	0.097	0.010	0.073	0.071	0.122	0.224	0.067	0.671	0.067	0.000
24.000000	26.958333	0.201	0.020	1.181	0.118	0.026	0.002	0.103	0.010	0.132	0.156	0.169	0.512	0.212	1.382	0.138	0.000
27.000000	29.958333	7.226	0.723	4.368	0.437	0.096	0.009	0.223	0.022	1.091	0.870	1.104	1.303	0.000	11.594	1.159	0.459
30.000000	32.958333	0.228	0.023	2.009	0.201	0.044	0.004	0.131	0.013	0.234	0.233	0.314	0.777	0.451	2.237	0.224	0.000
33.000000	35.958333	0.330	0.033	2.478	0.248	0.055	0.005	0.467	0.047	0.240	0.239	0.400	0.727	0.872	2.808	0.281	0.000
36.000000	38.958333	0.075	0.008	0.599	0.060	0.013	0.001	0.072	0.007	0.072	0.083	0.136	0.233	0.075	0.674	0.067	0.000
39.000000	41.958333	0.142	0.014	0.644	0.064	0.014	0.001	0.090	0.009	0.085	0.076	0.194	0.271	0.018	0.786	0.079	0.000
42.000000	44.958333	0.045	0.005	0.634	0.063	0.014	0.001	0.061	0.006	0.078	0.092	0.216	0.249	0.000	0.680	0.068	0.000
45.000000	47.958333	0.114	0.011	1.051	0.105	0.023	0.002	0.197	0.020	0.139	0.137	0.185	0.427	0.163	1.164	0.116	0.000
48.000000	50.958333	0.123	0.012	0.988	0.099	0.022	0.002	0.111	0.011	0.094	0.120	0.245	0.444	0.084	1.112	0.111	0.000
