ebas_test_data/SI0008R.20171231230000.20210615130447.low_vol_sampler..pm25.60d.1d.SI01L_ARSO_pm25vz_2.SI01L_ARSO_ECOC_1.lev2.nas
93 1001
Kolesa, Tanja; Kranjc, Irena
SI01L, Hydrometeorological Institute of Slovenia, , , "Vojkova 1/B, 61000 LJUBLJANA, Slovenia", , , , 
Murovec, Marijana
EMEP
1 1
2018 01 01 2021 06 15
1.000000
days from file reference point
9
1 1 1 1 1 1 1 1 1
99.999999 9.999 9.999999 9.999 9.999999 99.999 9.999999 99.999 9.999999
end_time of measurement, days from the file reference point
elemental_carbon, ug C/m3, Statistics=arithmetic mean, Detection limit=0.054 ug C/m3
numflag elemental_carbon, no unit, Statistics=arithmetic mean, Detection limit=0.054 ug C/m3
elemental_carbon, ug C/m3, Statistics=uncertainty
numflag elemental_carbon, no unit, Statistics=uncertainty
organic_carbon, ug C/m3, Statistics=arithmetic mean, Detection limit=0.907 ug C/m3
numflag organic_carbon, no unit, Statistics=arithmetic mean, Detection limit=0.907 ug C/m3
organic_carbon, ug C/m3, Statistics=uncertainty
numflag organic_carbon, no unit, Statistics=uncertainty
0
70
Data definition:              EBAS_1.1
Set type code:                TU
Timezone:                     UTC
File name:                    SI0008R.20171231230000.20210615130447.low_vol_sampler..pm25.60d.1d.SI01L_ARSO_pm25vz_2.SI01L_ARSO_ECOC_1.lev2.nas
File creation:                20220401114834493859
Export state:                 20220401114833277000
Export filter:                exclude-900,exclude-invalid
Startdate:                    20171231230000
Revision date:                20210615130447
Version:                      2
Version description:          initial revision, manually inspected
Data level:                   2
Period code:                  60d
Resolution code:              1d
Sample duration:              1d
Orig. time res.:              1d
Station code:                 SI0008R
Platform code:                SI0008S
Station name:                 Iskrba
Station latitude:             45.566667
Station longitude:            14.866667
Station altitude:             520.0 m
Measurement altitude:         525.0 m
Measurement height:           5.0 m
Regime:                       IMG
Component:                    
Unit:                         ug C/m3
Matrix:                       pm25
Laboratory code:              SI01L
Instrument type:              low_vol_sampler
Instrument name:              ARSO_pm25vz_2
Instrument manufacturer:      Leckel
Instrument model:             SEQ47/50
Instrument serial number:     04_0053
Analytical laboratory code:   SI01L
Analytical measurement technique: thermal-optical_analysis
Analytical instrument name:   ARSO_ECOC_1
Analytical instrument manufacturer: Sunset Laboratory
Analytical instrument model:  Carbon Aerosol Analyzer
Method ref:                   SI01L_ARSO_ECOC_1
Standard method:              SOP=EMEP_manual_v2014, TEMP=EUSAAR_2
Inlet type:                   Impactor--direct
Inlet description:            Upward facing with rain shield
Flow rate:                    38.1944444444 l/min
Filter description:           Macherey Nagel QF-10, 47mm
Medium:                       Quartz
Filter prefiring:             973.15 K, 3.0 h
Filter conditioning:          293.15 K, 50.0 %RH, 48.0 h
Sample preparation:           None
Blank correction:             Not blank corrected
Artifact correction:          None
Charring correction:          By laser transmission
Humidity/temperature control: None
Humidity/temperature control description: filter kept at ambient conditions together with sampling head
Volume std. temperature:      ambient
Volume std. pressure:         ambient
Detection limit expl.:        Determined by taking 3 times standard deviation of field blanks
Measurement uncertainty expl.: <repeatability, reproducibility, parallel sampling>
Zero/negative values code:    Zero/negative possible
Zero/negative values:         Zero/negative values reported as measured if within detection limit, flagged with 780
QA1 measure ID:               ECAC-OCEC-2017-2
QA1 date:                     20170901
QA1 document name:            "Results of the inter-laboratory comparison exercise for TC and EC measurements (ref.: OCEC-2017-2)"
QA1 document URL:             "http://www.actris-ecac.eu/files/OCEC-2017-2-REPORT.pdf"
Originator:                   Kolesa, Tanja, , , , , , , , , 
Originator:                   Kranjc, Irena, irena.kranjc@gov.si, Slovenian Environment Agency, , Chemical Analytical Laboratory, p.p. 2608, Vojkova 1b, 1000, Ljubljana, Slovenia
Submitter:                    Murovec, Marijana, , , , , , , , , 
Acknowledgement:              Request acknowledgement details from data originator
Comment:                      Our calculations are performed from ambient flow data and mass difference (deposits on filter), so we do not need Filter velocity and Exposed filter area. We dont save data about standard T and P. All our data is given at ambient T and P.
starttime endtime EC flag_EC EC flag_EC OC flag_OC OC flag_OC
-0.041667  0.958333 0.163 0.780000 0.136 0.780000  1.510 0.780000  1.258 0.780000
 0.958333  1.958333 0.181 0.000000 0.022 0.000000  1.310 0.780000  1.092 0.780000
 1.958333  2.958333 0.163 0.780000 0.136 0.780000  1.230 0.780000  1.025 0.780000
 2.958333  3.958333 0.290 0.000000 0.035 0.000000  1.520 0.780000  1.267 0.780000
 3.958333  4.958333 0.091 0.780000 0.076 0.780000  0.943 0.780000  0.786 0.780000
 4.958333  5.958333 0.109 0.780000 0.091 0.780000  1.050 0.780000  0.875 0.780000
 5.958333  6.958333 0.181 0.000000 0.022 0.000000  2.090 0.780000  1.742 0.780000
 6.958333  7.958333 0.254 0.000000 0.030 0.000000  2.300 0.780000  1.917 0.780000
 7.958333  8.958333 0.381 0.000000 0.046 0.000000  5.750 0.000000  0.403 0.000000
 8.958333  9.958333 0.109 0.780000 0.091 0.780000  1.200 0.780000  1.000 0.780000
 9.958333 10.958333 0.218 0.000000 0.026 0.000000  2.290 0.780000  1.908 0.780000
10.958333 11.958333 0.236 0.000000 0.028 0.000000  2.670 0.780000  2.225 0.780000
11.958333 12.958333 0.236 0.000000 0.028 0.000000  3.810 0.000000  0.267 0.000000
12.958333 13.958333 0.181 0.000000 0.022 0.000000  3.080 0.000000  0.216 0.000000
13.958333 14.958333 0.181 0.000000 0.022 0.000000  3.720 0.000000  0.260 0.000000
14.958333 15.958333 0.127 0.780000 0.106 0.780000  2.030 0.780000  1.692 0.780000
15.958333 16.958333 0.181 0.000000 0.022 0.000000  1.850 0.780000  1.542 0.780000
16.958333 17.958333 0.200 0.000000 0.024 0.000000  1.600 0.780000  1.333 0.780000
17.958333 18.958333 0.091 0.780000 0.076 0.780000  1.110 0.780000  0.925 0.780000
18.958333 19.958333 0.145 0.780000 0.121 0.780000  1.610 0.780000  1.342 0.780000
19.958333 20.958333 0.218 0.000000 0.026 0.000000  1.830 0.780000  1.525 0.780000
20.958333 21.958333 0.454 0.652000 0.054 0.652000  3.760 0.652000  0.263 0.652000
21.958333 22.958333 0.272 0.000000 0.033 0.000000  2.760 0.000000  0.193 0.000000
22.958333 23.958333 0.254 0.000000 0.030 0.000000  2.580 0.780000  2.150 0.780000
23.958333 24.958333 0.254 0.000000 0.030 0.000000  2.720 0.000000  0.190 0.000000
24.958333 25.958333 0.145 0.780000 0.121 0.780000  2.610 0.780000  2.175 0.780000
25.958333 26.958333 0.272 0.000000 0.033 0.000000  3.610 0.000000  0.253 0.000000
26.958333 27.958333 0.472 0.649000 0.057 0.649000  8.160 0.649000  0.571 0.649000
27.958333 28.958333 0.544 0.000000 0.065 0.000000  4.080 0.000000  0.286 0.000000
28.958333 29.958333 0.218 0.000000 0.026 0.000000  3.630 0.000000  0.254 0.000000
29.958333 30.958333 0.218 0.000000 0.026 0.000000  2.670 0.780000  2.225 0.780000
30.958333 31.958333 0.109 0.780679 0.091 0.780679  1.520 0.780679  1.267 0.780679
31.958333 32.958333 0.254 0.679000 0.030 0.679000  3.920 0.679000  0.274 0.679000
32.958333 33.958333 0.221 0.679000 0.027 0.679000  3.340 0.679000  0.234 0.679000
33.958333 34.958333 0.236 0.000000 0.028 0.000000  2.250 0.780000  1.875 0.780000
34.958333 35.958333 0.181 0.000000 0.022 0.000000  2.590 0.780000  2.158 0.780000
35.958333 36.958333 0.200 0.000000 0.024 0.000000  2.920 0.000000  0.204 0.000000
36.958333 37.958333 0.218 0.652000 0.026 0.652000  3.190 0.652000  0.223 0.652000
37.958333 38.958333 0.054 0.781652 0.023 0.781652  0.962 0.780652  0.802 0.780652
38.958333 39.958333 0.073 0.780000 0.061 0.780000  1.020 0.780000  0.850 0.780000
39.958333 40.958333 0.308 0.000000 0.037 0.000000  6.040 0.000000  0.423 0.000000
40.958333 41.958333 0.363 0.000000 0.044 0.000000  3.080 0.000000  0.216 0.000000
41.958333 42.958333 9.999 0.999000 9.999 0.999000 99.999 0.999000 99.999 0.999000
42.958333 43.958333 0.145 0.780000 0.121 0.780000  1.400 0.780000  1.167 0.780000
43.958333 44.958333 0.218 0.000000 0.026 0.000000  2.810 0.000000  0.197 0.000000
44.958333 45.958333 0.472 0.000000 0.057 0.000000  5.790 0.000000  0.405 0.000000
45.958333 46.958333 0.381 0.000000 0.046 0.000000  5.440 0.000000  0.381 0.000000
46.958333 47.958333 0.363 0.000000 0.044 0.000000  6.880 0.000000  0.482 0.000000
47.958333 48.958333 0.200 0.000000 0.024 0.000000  3.040 0.000000  0.213 0.000000
48.958333 49.958333 0.236 0.000000 0.028 0.000000  4.120 0.000000  0.288 0.000000
49.958333 50.958333 0.200 0.000000 0.024 0.000000  3.480 0.000000  0.244 0.000000
50.958333 51.958333 0.236 0.000000 0.028 0.000000  4.520 0.000000  0.316 0.000000
51.958333 52.958333 0.290 0.652000 0.035 0.652000  4.950 0.652000  0.347 0.652000
52.958333 53.958333 0.236 0.652000 0.028 0.652000  3.760 0.652000  0.263 0.652000
53.958333 54.958333 0.381 0.000000 0.046 0.000000  6.930 0.000000  0.485 0.000000
54.958333 55.958333 0.327 0.000000 0.039 0.000000  5.990 0.000000  0.419 0.000000
55.958333 56.958333 0.417 0.652000 0.050 0.652000  7.370 0.652000  0.516 0.652000
56.958333 57.958333 0.653 0.000000 0.078 0.000000  7.510 0.000000  0.526 0.000000
57.958333 58.958333 0.435 0.000000 0.052 0.000000  6.820 0.000000  0.477 0.000000
58.958333 59.958333 0.563 0.000000 0.068 0.000000  9.490 0.000000  0.664 0.000000
